582 289 858 327 31 403 377 68 536 983 937 788 320 18 347 967
916 135 546 949 1 715 318 752 189 231 743 352 785 953 565 830
484 35 215 453 276 109 877 375 885 290 918 613 426 207 977 634
981 319 439 763 92 359 153 415 396 258 754 90 910 202 302 184
892 127 80 553 630 274 405 433 409 247 855 20 210 149 98 273
618 663 701 371 155 229 497 670 901 130 244 935 861 485 141 242
561 259 263 912 121 329 832 117 911 308 904 243 833 723 457 619
712 296 158 566 720 191 52 846 93 979 538 803 356 750 199 194
307 353 637 955 552 850 649 13 821 417 563 804 993 491 745 197
444 867 63 699 702 927 617 756 159 722 985 863 860 118 576 468
746 816 652 131 503 120 86 559 106 945 56 739 674 601 