321 459 512 502 900 551 751 435 691 207 843 577 978 547 569 639
346 221 352 603 525 730 869 521 579 175 874 899 260 952 331 816
40 46 403 73 22 228 945 211 127 344 775 500 713 997 217 895 837
454 660 427 643 129 497 538 373 829 42 233 54 440 663 270 498
220 85 844 976 25 541 341 322 379 726 887 156 88 131 710 388
49 719 150 903 725 452 28 664 230 56 89 564 258 187 573 400 540
66 587 931 41 667 811 241 898 447 123 528 585 741 628 445 966
476 242 288 566 339 37 244 790 812 172 699 489 991 200 0 99 834
140 575 95 285 536 31 259 289 794 238 190 292 429 100 334 642
817 747 739 343 436 854 838 309 910 302 852 351 357 92 337 6
534 477 226 601 30 697 214 412 