946 66 554 165 107 52 589 229 899 481 857 129 603 681 221 116
13 296 315 124 945 950 542 724 410 468 995 306 17 734 317 717
918 756 812 842 385 920 799 944 299 171 737 602 86 249 668 373
766 824 290 480 776 774 903 503 242 805 47 183 250 60 236 913
153 926 855 81 707 693 492 558 471 441 494 909 636 834 964 649
777 382 975 161 567 691 78 198 968 390 37 416 905 591 495 709
713 436 1 9 19 526 18 706 22 703 189 287 900 426 330 979 958
561 532 740 422 934 490 545 365 984 8 587 248 661 442 723 505
337 457 949 564 685 801 377 246 590 729 712 912 764 133 582 760
725 840 970 757 763 34 305 660 53 500 247 631 367 302 423 864
75 715 