223 569 2 464 537 377 457 268 725 471 369 626 325 118 531 494
748 597 381 525 945 844 48 285 685 104 941 701 772 468 932 161
590 572 641 34 566 246 455 992 736 373 533 157 554 439 739 289
691 558 670 954 970 181 126 503 759 567 638 69 380 303 146 767
758 957 318 81 815 482 885 856 94 22 241 967 703 306 550 923
819 512 829 925 979 645 83 936 753 20 843 807 243 862 134 150
56 842 437 204 208 522 477 50 903 365 358 720 988 588 139 591
411 205 187 700 36 465 436 131 972 116 666 194 894 983 835 177
58 229 726 26 413 151 784 599 687 648 95 193 401 349 247 452
225 155 764 914 374 848 747 745 632 854 348 733 190 718 799 657
