52 535 493 848 635 926 451 536 369 619 852 777 470 319 743 132
717 604 284 292 102 358 616 177 78 483 625 7 324 783 242 993
36 655 259 142 152 291 767 820 582 480 789 355 485 864 507 333
195 34 155 93 528 217 432 340 54 121 205 240 854 144 329 29 339
387 370 846 668 754 903 850 374 844 219 318 858 813 97 632 698
184 866 225 873 833 341 815 770 529 172 810 723 659 113 32 554
855 446 970 92 948 578 167 683 175 314 823 139 512 808 179 806
992 500 592 881 795 455 367 20 38 396 712 498 591 515 422 906
141 55 104 464 897 488 50 983 289 300 943 716 990 915 649 160
81 222 59 310 543 998 190 863 751 48 959 186 706 940 343 879
245 707 465 266 53 77 263 126 752 563 505 199 171 352 797 111
902 489 793 638 908 979 615 628 977 773 