793 165 68 478 517 926 89 73 325 38 848 868 100 766 362 498 494
992 111 650 16 465 308 148 311 829 434 865 652 418 943 234 768
787 185 589 136 558 777 323 167 126 74 538 643 457 65 565 322
961 145 239 460 876 832 154 393 380 231 809 370 495 243 242 914
80 657 749 169 633 2 275 172 662 295 622 33 346 474 981 278 595
410 6 358 734 996 188 815 930 237 636 937 388 479 678 556 452
750 529 45 974 511 405 702 694 365 312 820 841 147 463 821 473
641 377 972 291 596 703 215 82 135 718 226 877 615 413 274 764
62 369 431 887 704 424 684 280 225 399 651 59 553 123 310 212
55 817 419 812 389 54 10 900 397 946 420 107 326 796 923 221
461 489 429 579 300 939 298 647 196 659 150 484 756 