842 511 402 80 823 705 754 509 226 5 681 785 658 148 370 471
624 985 408 439 753 957 221 894 636 853 443 116 884 489 279 318
787 2 580 698 199 990 36 819 825 463 362 528 230 28 851 805 103
918 712 585 979 628 315 266 99 113 462 776 306 263 981 868 719
710 592 127 813 567 16 777 975 290 90 521 88 453 138 664 526
584 254 119 849 604 559 460 891 455 78 102 197 246 210 137 859
133 421 294 118 896 704 713 524 191 146 733 401 470 183 502 747
720 131 751 864 29 59 224 10 468 176 209 570 52 976 649 910 69
810 479 535 340 291 323 890 796 907 49 257 207 27 122 590 51
532 4 136 625 393 308 253 573 480 436 339 707 349 475 781 178
194 919 40 881 442 331 272 383 346 218 801 23 164 788 381 37
412 718 921 739 