6 105 38 963 11 24 783 95 552 814 44 371 951 296 583 553 691
25 944 938 791 510 397 401 597 73 438 141 431 759 275 821 969
549 514 21 824 878 530 941 271 269 476 332 333 125 126 863 380
888 742 805 931 840 668 740 914 731 665 383 386 624 734 966 226
483 188 216 389 171 417 43 614 945 676 672 280 745 965 223 403
680 622 960 954 162 61 181 468 450 77 710 971 907 673 301 498
201 149 630 968 915 817 589 842 651 602 671 297 339 98 442 424
467 364 213 813 896 962 150 704 669 429 232 22 83 313 889 154
685 318 79 698 871 809 579 865 454 197 875 219 108 311 277 215
242 652 646 692 770 34 267 559 848 27 174 774 169 500 428 495
353 229 60 727 862 172 321 