876 963 719 41 507 720 871 267 572 404 24 293 195 181 970 351
337 494 122 759 490 645 170 566 414 384 248 742 704 28 405 807
456 207 897 22 176 735 156 470 196 331 649 657 112 61 236 606
775 711 324 21 56 145 987 930 31 174 307 55 551 609 890 70 134
540 177 827 580 689 504 578 968 740 160 857 779 394 508 352 164
233 489 458 666 192 166 917 356 479 346 141 209 595 399 586 284
651 298 806 522 813 148 635 463 964 631 200 915 144 997 592 888
935 830 654 931 202 750 302 517 707 345 93 430 116 2 454 621
528 991 409 353 529 431 996 478 695 601 542 874 881 151 269 309
308 71 548 534 85 538 768 240 667 849 867 617 600 205 424 575
462 505 541 476 796 554 640 912 545 556 475 758 471 135 619 469
180 100 403 909 752 485 