401 514 695 865 666 853 380 532 802 278 919 660 633 29 465 265
349 779 478 794 942 732 440 533 783 716 767 713 574 416 35 647
680 227 152 801 53 682 10 516 983 67 872 203 460 674 234 439
736 987 447 146 338 446 245 613 362 836 130 243 908 748 832 964
486 970 744 436 618 885 724 932 164 675 49 185 910 582 925 256
178 271 87 592 868 371 765 867 138 830 170 510 350 717 968 637
841 655 858 606 922 904 761 205 295 552 228 924 285 881 266 363
461 43 664 413 707 627 258 728 787 763 857 791 456 428 649 775
659 101 688 887 299 150 615 996 808 103 562 818 111 119 752 654
172 784 352 179 840 786 856 809 990 60 588 241 287 303 232 113
773 473 522 540 526 398 14 311 961 665 326 986 565 