614 481 347 737 308 978 512 352 872 498 402 682 688 556 617 51
476 305 959 518 801 348 293 128 829 918 836 687 204 419 749 976
457 69 143 250 230 816 235 452 719 317 170 373 147 175 952 264
322 26 410 197 809 329 23 798 331 277 757 746 711 899 477 49
800 288 210 847 815 93 760 140 255 726 384 728 517 95 176 186
650 107 763 364 743 811 750 975 453 46 582 514 889 124 821 271
350 380 835 256 262 885 756 335 221 937 45 783 59 776 542 648
363 814 730 871 472 725 598 52 741 258 490 441 538 530 306 29
117 541 828 219 399 860 131 43 791 249 913 987 424 793 251 960
805 377 902 87 458 612 834 497 245 447 524 806 220 340 383 212
721 727 533 500 695 729 953 310 901 683 935 318 502 640 771 495
802 822 720 4 295 870 840 