922 673 92 648 586 140 426 432 345 642 849 933 230 318 391 551
626 542 594 774 475 533 36 176 72 723 438 19 8 364 403 811 942
12 659 549 503 612 601 245 927 132 369 583 400 422 779 524 334
506 792 949 705 79 156 522 671 754 362 729 682 465 61 496 471
271 136 16 442 622 878 14 992 153 812 423 690 370 559 970 213
784 868 418 284 354 866 621 425 202 718 173 127 291 635 314 415
798 177 99 98 275 399 359 967 392 519 977 567 60 914 578 765
395 100 13 325 515 296 144 539 852 921 665 562 550 390 436 28
252 416 210 307 769 509 512 833 285 956 783 439 408 925 941 692
292 709 376 850 77 91 870 844 88 5 557 489 843 990 545 719 672
18 116 