778 166 519 791 247 97 174 602 245 393 912 982 950 120 809 765
653 911 77 891 713 592 586 284 539 552 220 652 403 404 625 325
569 631 36 352 375 655 687 867 969 40 526 658 59 564 336 820
382 947 111 65 83 190 223 604 725 801 99 548 630 47 68 260 641
521 426 340 857 304 297 785 642 858 478 902 462 52 736 307 457
634 851 886 442 796 970 578 71 314 986 980 322 264 379 76 597
807 227 865 774 722 776 795 13 138 276 126 342 515 255 636 441
956 306 346 579 277 43 544 707 855 882 797 615 168 12 716 682
700 82 73 369 376 699 925 717 613 439 491 614 471 464 689 504
485 390 287 465 916 359 710 355 772 399 74 443 27 476 975 760
183 484 983 571 110 739 131 444 926 644 534 860 617 535 563 86
835 901 499 28 502 680 357 323 959 41 610 589 72 779 143 777
232 455 509 954 824 420 445 953 383 812 