287 703 351 65 843 3 151 330 550 994 753 388 572 141 645 916
76 127 678 196 465 383 270 997 390 295 811 526 214 579 501 627
6 862 971 243 991 894 458 809 55 326 216 917 325 903 873 321
364 982 432 472 585 819 487 589 96 856 497 95 373 849 661 240
607 564 189 398 15 319 901 854 499 513 376 223 727 744 702 17
174 13 942 822 139 338 410 757 424 532 441 439 756 117 368 108
964 667 474 34 656 369 256 218 138 853 631 888 467 741 668 580
691 767 952 396 343 877 109 45 791 64 965 719 296 608 206 923
349 22 125 969 851 963 70 606 970 187 675 347 998 592 51 622
716 335 648 896 496 899 24 537 842 334 545 242 360 37 658 958
880 540 654 135 39 85 46 864 