320 688 578 959 191 419 76 966 310 860 136 929 707 424 640 491
596 504 631 809 301 835 629 117 634 572 60 229 522 883 642 295
658 101 647 383 290 138 936 581 718 400 652 812 630 177 646 657
270 266 583 376 881 436 15 994 563 561 481 879 601 692 760 106
800 377 314 252 579 214 882 4 998 941 817 215 785 609 702 442
980 939 826 13 973 535 635 988 909 853 469 231 77 175 382 456
728 662 395 975 834 540 648 957 802 963 952 390 409 374 877 130
691 46 708 792 987 480 771 664 300 703 326 227 122 567 330 72
233 166 47 89 684 953 781 676 147 115 366 846 584 808 484 969
307 613 203 779 308 517 930 95 188 869 915 510 225 414 30 277
112 110 103 16 268 733 194 304 402 695 104 116 791 569 743 726
505 611 758 174 235 822 836 511 649 404 542 553 961 207 721 67
156 