20 903 661 350 19 371 204 176 513 467 318 680 186 567 821 806
246 220 285 378 360 207 81 258 666 527 738 137 500 393 44 126
18 211 440 522 226 64 657 492 54 894 494 596 357 801 914 736
287 257 221 33 597 673 184 157 720 323 987 243 29 92 945 32 822
711 548 712 983 581 574 168 691 183 256 1 292 808 270 580 797
458 491 926 450 532 150 879 724 985 80 219 882 206 732 600 265
161 729 682 524 795 255 289 305 566 4 95 282 861 924 116 158
470 607 655 155 222 832 111 129 65 293 172 617 875 338 910 169
588 58 395 917 928 582 554 739 484 920 260 542 131 422 631 53
333 314 530 523 370 709 36 775 443 177 250 70 959 160 25 816
61 430 334 79 838 746 497 381 372 277 902 114 