275 570 19 156 703 107 730 893 535 735 134 787 62 146 727 985
500 678 871 339 36 227 527 915 586 700 147 819 357 900 764 672
862 466 249 160 920 807 296 118 313 633 910 187 844 445 192 345
20 106 80 957 524 599 783 786 654 781 420 938 137 416 824 685
93 306 683 702 946 298 415 317 745 47 397 271 817 525 458 564
268 581 111 67 699 231 808 833 638 776 68 92 796 282 195 517
973 350 723 456 201 950 688 224 4 38 958 516 669 209 962 368
742 177 895 717 370 898 968 1 395 755 773 226 810 308 198 122
16 347 724 788 779 159 459 301 925 610 480 112 567 335 386 677
165 358 693 486 250 54 749 641 281 790 3 852 867 846 979 814
280 585 238 769 267 324 205 583 940 34 81 880 430 464 103 647
432 352 521 276 955 