60 696 237 939 581 500 13 235 729 196 681 366 990 54 67 761 280
744 994 373 993 879 520 23 199 982 424 245 683 2 861 31 433 996
8 114 364 344 903 317 4 336 822 428 741 200 151 754 891 933 384
271 272 101 27 115 109 104 250 654 834 609 816 743 479 714 701
350 47 846 456 185 0 475 63 845 772 126 693 911 878 368 84 820
83 508 885 323 594 50 901 378 155 542 648 309 189 942 170 536
639 408 899 694 28 699 11 25 111 894 78 321 15 583 835 135 989
626 20 489 897 224 976 12 564 246 476 682 395 759 889 136 665
663 595 586 672 432 423 108 254 261 436 971 133 568 923 704 706
339 335 319 747 71 299 105 842 162 389 82 622 382 453 409 431
857 462 354 708 618 736 497 612 821 771 194 160 386 77 374 518
641 435 494 76 238 876 93 737 463 934 983 700 286 598 739 735
310 510 334 219 163 