800 373 276 967 196 916 395 566 92 584 740 197 239 293 36 671
416 784 128 922 941 393 307 403 857 336 603 565 448 641 204 884
153 82 74 481 135 732 701 866 207 480 865 19 533 653 663 442
966 41 313 728 428 605 252 215 114 920 696 640 464 918 752 35
877 65 58 193 851 659 342 11 614 7 817 906 328 170 405 472 435
923 310 520 400 176 856 509 523 12 598 376 216 760 569 356 375
486 320 737 597 263 151 860 94 327 482 958 157 85 22 339 195
642 981 782 973 317 960 896 833 331 982 595 165 334 67 540 987
256 838 834 338 330 86 162 672 634 552 62 501 927 625 583 528
845 389 470 621 690 139 575 534 811 225 526 53 790 829 604 71
345 349 476 18 467 427 691 606 111 808 198 682 724 758 757 161
742 608 639 965 875 914 185 939 581 912 792 84 189 609 990 466
968 429 49 346 741 50 729 