734 135 915 927 384 349 79 378 593 46 2 581 500 518 556 771 697
757 273 68 845 678 541 390 832 587 93 87 857 665 767 530 305
452 847 245 426 908 730 582 316 702 4 550 584 848 876 371 680
605 375 664 567 865 742 545 385 538 430 736 833 616 798 45 919
551 425 815 978 626 207 931 398 358 16 875 936 899 885 195 565
648 608 220 784 441 613 989 774 512 411 586 887 589 610 265 192
555 852 215 877 717 722 386 583 133 778 883 704 396 952 632 561
868 419 189 547 295 971 89 980 102 153 782 839 350 958 714 400
106 895 202 676 577 67 837 185 799 229 203 804 768 456 585 805
319 723 379 681 161 409 339 929 442 637 255 600 874 21 498 975
8 347 324 168 114 783 249 412 200 502 37 524 574 940 701 878
395 748 445 499 820 175 31 830 829 467 225 926 174 389 762 964
571 891 181 537 455 