649 343 77 645 125 300 965 761 857 839 209 716 824 815 569 639
920 526 177 856 456 407 274 149 328 194 906 299 82 13 9 55 295
426 448 3 63 332 382 926 232 610 147 180 192 650 157 21 642 774
930 185 138 424 384 469 834 276 820 105 541 595 488 266 583 203
444 852 769 464 624 298 766 74 785 732 111 216 544 244 616 752
542 627 210 62 729 683 178 317 133 415 552 240 195 909 660 228
137 473 656 956 168 373 693 865 916 779 363 942 731 939 943 878
704 854 139 78 605 713 753 484 301 957 958 744 282 714 460 973
49 182 117 872 911 883 84 734 508 381 844 135 341 20 455 914
360 756 515 487 419 399 767 984 224 869 794 539 674 866 968 530
935 315 