297 226 96 537 714 270 33 744 341 508 184 171 746 228 501 195
905 483 462 614 430 671 735 676 190 952 3 777 92 490 466 592
843 164 304 591 452 323 225 987 77 648 283 869 422 857 616 291
266 689 835 817 227 208 557 555 636 610 715 367 749 294 803 63
845 390 465 504 711 609 81 699 185 800 922 253 945 415 153 499
848 544 541 764 342 371 216 923 893 361 925 566 625 333 243 277
76 313 372 906 251 411 46 236 399 667 785 104 355 26 560 93 962
83 726 44 644 910 563 173 768 796 577 585 899 237 997 145 919
850 119 31 175 16 357 562 792 478 117 58 756 802 938 996 765
539 801 533 257 695 66 300 492 645 734 880 64 545 386 878 748
474 25 779 637 877 209 32 602 780 402 627 269 476 340 152 729
103 439 874 203 574 278 56 245 520 20 941 19 615 753 509 362
763 