54 294 392 451 834 762 380 744 517 44 857 66 130 402 939 125
700 679 901 14 219 211 106 185 586 254 435 590 791 864 883 884
396 853 481 578 713 961 348 721 518 280 954 944 89 891 269 745
24 797 814 231 242 949 716 960 155 349 399 531 918 300 657 599
127 550 82 493 499 561 796 102 258 601 107 34 851 595 880 772
320 885 83 876 777 353 948 686 214 268 285 3 409 799 774 533
218 905 183 986 994 477 223 244 162 742 537 256 172 608 57 222
476 64 694 423 520 784 699 390 756 372 464 867 177 364 737 17
817 234 964 585 816 878 325 523 337 655 844 415 947 121 212 139
705 47 690 10 703 36 691 542 920 447 562 63 616 583 384 631 740
170 131 636 897 823 342 730 553 98 350 65 