616 801 409 472 58 266 565 136 262 659 505 31 707 293 621 9 687
754 91 888 823 481 974 405 217 312 491 680 400 194 592 248 913
949 273 57 368 64 842 557 351 804 627 418 896 618 232 87 869
509 937 859 369 503 673 45 893 238 207 717 76 289 725 877 111
642 715 12 480 212 297 170 951 539 540 495 525 381 857 688 529
520 167 118 261 607 882 29 732 514 27 263 573 301 955 517 431
726 362 808 668 334 884 768 360 448 83 244 630 109 125 201 918
570 11 961 205 742 763 800 352 820 354 569 257 67 645 895 655
298 783 759 734 825 142 741 121 485 371 743 236 380 879 100 977
837 997 782 80 901 234 488 611 393 790 910 528 79 356 663 65
780 204 108 638 720 588 802 192 887 639 148 394 373 943 172 104
873 764 952 523 591 166 404 130 335 965 716 864 456 245 781 