213 851 771 33 50 258 850 425 809 410 142 77 590 466 699 683
794 553 876 276 221 377 672 640 567 740 891 333 309 211 216 549
326 289 512 403 524 962 914 451 500 240 24 800 380 765 646 303
816 696 858 251 872 707 343 125 151 999 900 318 541 136 305 504
892 502 429 72 145 228 49 888 642 141 54 846 911 433 252 438
392 336 295 902 214 398 620 678 729 291 277 2 997 908 722 654
139 177 499 934 982 38 870 600 363 700 536 335 267 78 400 913
453 283 135 4 932 22 390 698 777 845 813 705 443 727 459 79 439
170 316 633 197 482 945 436 805 676 898 88 688 233 742 511 432
526 280 795 984 128 773 364 388 955 712 995 667 594 747 148 910
428 101 82 784 684 271 374 74 611 460 245 716 899 666 542 578
906 935 158 772 810 930 927 868 581 974 62 426 498 680 175 180
726 749 344 735 263 