535 432 915 136 186 783 295 916 808 230 566 805 806 991 767 743
921 772 628 250 784 347 753 50 95 453 151 233 294 507 712 60
87 443 267 34 954 272 308 41 245 12 674 631 413 300 469 170 146
188 734 274 212 110 764 147 275 636 947 492 278 271 889 265 877
981 786 97 44 872 565 562 11 240 141 254 355 816 758 791 173
868 463 193 933 536 715 115 814 876 777 640 292 6 681 752 425
576 428 18 0 924 721 195 181 353 970 214 897 775 525 589 680
579 986 334 289 298 281 42 958 93 996 567 974 988 972 518 370
40 857 314 538 352 326 358 459 620 424 24 285 770 825 331 90
547 113 350 216 585 255 159 593 376 124 528 415 484 587 178 883
490 343 952 166 32 123 35 832 451 53 948 965 128 886 939 479
539 866 74 936 262 575 959 253 736 707 227 318 847 2 392 817
840 992 836 