148 239 84 81 140 754 8 167 248 913 795 95 564 675 31 776 492
674 755 583 430 799 470 235 271 412 814 106 594 871 987 381 938
655 791 666 215 199 599 823 863 370 392 19 12 648 78 953 433
643 604 96 985 952 469 49 611 894 892 532 1 133 650 529 517 908
80 33 886 519 481 746 816 527 836 708 421 703 867 740 313 822
397 566 963 123 857 553 707 252 792 774 615 227 159 468 577 923
88 964 178 670 494 684 796 45 286 220 578 312 875 441 32 540
352 121 554 212 203 386 256 117 292 538 579 119 965 717 698 193
905 145 394 515 770 685 729 327 0 910 682 561 531 642 364 984
195 284 915 59 925 166 175 455 612 865 384 605 186 171 92 467
89 77 415 664 198 373 639 721 765 342 827 944 869 936 974 900
930 27 949 6 104 218 395 640 142 238 