77 880 545 17 105 417 456 129 114 840 774 267 215 641 967 491
425 788 60 972 813 283 308 249 943 127 808 726 131 387 848 948
168 43 421 513 2 29 773 878 248 613 309 134 546 802 826 383 603
549 529 616 404 214 381 117 349 150 356 124 437 614 429 10 361
709 977 535 608 299 620 331 544 860 323 328 306 53 355 559 385
746 670 628 109 824 694 377 703 363 841 193 464 19 218 440 488
531 252 177 820 806 794 33 149 257 934 412 227 337 701 184 682
15 819 115 882 345 366 602 163 107 64 568 539 574 902 656 0 376
604 180 222 629 396 747 821 166 378 350 814 34 871 647 465 699
652 391 965 581 280 419 104 98 968 615 691 496 112 482 74 165
100 91 498 360 307 711 388 119 899 855 362 126 271 240 805 49
141 202 617 571 454 211 439 839 251 