308 81 234 231 913 889 152 149 287 211 23 573 535 266 372 604
151 906 739 701 256 909 493 420 366 685 857 769 59 747 202 272
379 776 286 528 371 50 22 352 919 533 650 451 354 469 11 836
294 456 989 717 108 417 724 544 751 895 248 725 594 942 744 373
548 983 421 222 845 867 409 999 569 18 393 182 852 515 446 970
111 900 719 580 385 105 342 788 956 39 936 823 495 513 733 43
406 158 929 427 457 200 953 943 828 73 966 635 123 98 5 166 593
79 709 336 614 180 849 726 97 568 397 525 239 116 304 714 386
825 396 216 60 987 391 818 194 283 464 443 191 583 318 774 741
590 339 164 550 527 279 819 34 537 598 961 633 99 471 502 270
676 796 600 