338 267 415 388 284 359 242 363 676 481 234 877 275 91 3 755
339 435 686 696 323 24 291 666 459 274 786 818 852 925 204 724
930 447 990 595 432 757 147 645 467 173 498 180 552 824 324 516
255 454 80 282 196 832 74 672 742 793 553 438 413 544 621 372
34 362 816 361 72 843 798 718 980 217 508 195 369 743 784 130
183 392 620 393 804 820 617 963 900 799 476 507 701 273 325 151
434 904 599 21 509 443 710 662 637 299 426 464 779 428 825 719
845 376 533 687 562 501 349 358 212 785 684 605 57 370 424 800
465 350 482 934 190 975 203 62 444 861 367 116 331 63 256 642
306 688 232 243 99 611 711 767 165 337 109 266 302 4 304 378
771 360 609 769 193 168 389 202 104 