188 452 475 971 86 255 545 838 956 786 428 113 866 187 506 701
491 168 57 623 443 195 862 603 426 92 816 97 102 429 175 56 63
48 423 305 635 989 681 469 12 918 736 997 83 110 79 811 410 523
617 388 210 591 280 870 421 138 502 634 856 21 951 959 824 559
958 254 544 737 527 376 779 542 876 303 236 206 721 455 213 273
238 791 152 35 98 643 497 225 762 163 360 106 733 402 338 547
773 827 915 249 528 317 464 72 400 858 115 794 932 649 240 283
905 223 261 189 837 610 293 751 654 602 391 551 214 578 54 485
126 346 211 676 880 440 995 638 963 709 308 813 739 355 52 85
328 812 642 597 15 970 931 957 867 228 550 912 341 216 568 1
563 430 401 906 921 181 38 629 588 622 6 954 874 433 28 321 725
41 370 803 231 792 839 685 81 966 100 916 884 