396 124 188 308 352 187 591 967 688 925 140 884 440 191 32 961
998 512 532 156 847 671 425 649 374 190 568 890 668 565 610 497
145 434 81 516 467 795 693 169 24 289 478 980 110 799 781 378
714 437 482 420 580 694 369 883 244 587 377 829 199 692 712 259
225 507 857 686 590 899 108 207 674 749 669 413 771 794 38 992
345 166 201 823 13 800 790 766 240 484 474 966 142 909 414 101
148 442 854 951 711 355 409 139 137 599 141 636 866 710 50 389
285 538 905 736 469 904 845 328 775 705 970 233 947 910 449 485
82 633 397 428 158 868 452 742 340 103 20 491 10 356 660 533
252 412 833 514 606 372 286 73 673 952 54 280 210 276 645 515
828 874 488 354 797 463 