649 504 818 418 521 716 748 219 129 31 438 668 953 512 28 934
758 956 819 685 296 691 126 604 415 273 409 160 340 130 841 491
959 938 737 328 686 684 109 696 766 629 119 582 464 551 711 587
439 482 961 825 640 641 749 853 173 443 500 455 277 855 981 468
423 413 476 800 123 912 295 237 411 901 54 179 395 863 927 945
289 367 241 55 664 312 765 124 136 676 926 580 761 704 683 999
306 568 135 916 348 873 280 153 661 615 998 407 781 845 201 321
611 893 429 886 772 332 598 787 372 542 689 36 553 387 671 665
547 404 366 600 655 631 829 40 540 256 38 921 812 535 326 353
526 141 634 144 446 887 782 642 32 110 985 481 95 51 18 114 585
