999 797 973 84 794 75 885 57 109 656 511 823 710 404 193 606
541 133 605 947 24 230 543 283 328 912 641 500 525 196 213 688
875 129 231 311 391 770 685 260 461 796 582 397 894 232 760 871
409 942 139 498 281 419 371 628 357 41 271 670 428 781 399 911
608 227 185 950 590 744 758 603 95 370 571 329 529 503 352 629
546 868 174 808 489 852 163 467 842 725 335 64 707 972 269 824
687 499 952 849 847 369 3 257 890 340 253 518 777 683 975 97
341 468 90 186 632 557 889 892 516 980 530 799 694 645 270 256
838 654 315 383 469 265 815 33 667 594 954 218 408 20 164 339
426 108 332 1 579 455 135 834 394 233 831 624 951 152 374 807
788 720 381 691 927 267 865 125 458 199 300 941 396 844 699 149
127 434 559 160 454 736 6 693 996 730 767 314 