954 667 9 333 851 676 227 29 455 540 773 347 570 364 332 267
457 419 693 980 44 659 719 941 642 358 906 824 697 246 556 444
115 193 82 830 503 508 275 23 292 236 484 896 65 902 202 948
918 88 813 825 473 887 489 987 812 688 956 259 828 299 254 764
276 481 810 821 506 973 788 109 770 994 961 272 81 360 349 376
962 242 257 621 936 869 755 70 942 296 131 528 507 84 472 815
490 317 304 300 165 15 963 743 125 212 414 136 400 859 549 517
356 934 168 297 615 77 888 359 95 190 578 741 523 658 182 576
515 750 673 327 737 460 133 302 695 664 46 390 396 732 714 739
538 684 194 876 215 260 154 353 469 842 696 80 559 378 415 511
493 163 491 551 155 834 723 454 488 920 608 531 311 235 838 514
466 248 929 855 778 610 111 808 648 831 204 768 998 592 250 