617 0 416 111 139 86 899 413 302 60 282 671 995 557 436 20 949
496 204 619 254 864 993 979 77 318 284 342 474 708 497 431 900
144 381 971 862 691 32 40 527 33 312 535 377 68 680 637 295 395
305 494 618 764 222 482 191 847 514 819 643 449 763 608 394 187
2 564 157 376 751 468 799 673 349 570 740 910 690 558 109 627
622 410 57 461 101 391 902 401 609 360 845 996 726 442 247 896
664 510 270 489 165 596 808 522 132 977 35 505 75 327 181 333
963 781 877 723 707 351 435 938 507 335 642 76 223 313 706 548
46 178 842 291 905 246 508 207 863 780 334 898 320 211 512 308
466 676 567 303 332 576 818 237 908 727 406 39 965 890 443 317
361 503 989 606 262 346 1 275 196 384 26 944 348 