88 534 2 361 96 813 555 924 137 275 866 71 3 578 518 168 7 933
69 920 491 918 505 910 340 724 375 62 403 850 585 680 715 997
157 10 867 55 970 955 863 79 82 575 296 249 250 92 278 65 301
958 879 708 641 765 587 561 589 956 609 579 464 253 681 219 109
369 886 432 909 187 512 882 85 314 550 569 286 138 779 947 48
304 857 398 845 911 861 553 463 90 714 951 427 50 732 735 725
583 485 149 495 960 224 620 285 726 731 462 823 177 446 348 974
208 530 35 436 33 171 353 897 320 330 720 701 973 657 295 227
618 894 328 500 238 754 759 713 928 135 132 656 232 854 684 915
310 210 949 242 832 880 844 454 902 244 917 257 606 508 72 730
946 141 360 901 392 709 421 338 494 563 197 937 837 261 31 878
885 957 525 613 