561 473 93 528 939 416 130 704 461 938 237 11 998 895 767 366
698 298 826 58 568 178 117 95 653 291 527 383 481 536 794 36
55 661 293 retrievability 496 513 980 623 116 140 72 957 54 381
682 138 786 256 600 415 465 710 382 365 866 48 989 523 550 911
52 603 614 869 589 389 188 100 387 986 217 977 227 289 495 651
635 304 sejant 12 292 719 995 457 402 442 732 996 795 517 248
498 717 537 930 782 624 430 736 949 809 410 102 646 544 133 714
558 6 487 891 127 128 830 983 749 277 254 448 194 779 210 125
587 892 700 106 618 420 838 554 953 920 590 976 10 864 166 119
321 825 484 339 18 stinkers 331 672 797 973 105 351 596 723 323
941 219 432 278 974 594 648 861 492 303 562 758 311 731 261 702
921 766 207 224 306 725 262 172 272 213 642 822 440 469 89 970
886 318 201 964 575 730 683 978 342 169 27 