856 45 531 42 981 866 905 591 808 625 250 865 491 736 715 597
937 506 668 924 330 478 960 132 291 116 265 883 402 546 130 435
397 784 717 806 170 48 198 338 251 154 543 14 774 35 513 98 698
671 245 345 549 172 382 91 623 247 395 191 418 852 796 766 194
313 327 802 363 168 186 457 27 5 683 99 660 97 651 190 927 640
185 728 22 611 501 376 903 714 436 512 522 846 694 613 704 11
853 858 977 581 645 561 404 155 236 497 413 445 152 322 641 545
69 748 595 528 991 415 463 634 41 351 308 105 273 354 100 888
710 892 946 238 781 360 565 953 986 954 362 495 794 32 795 260
261 654 568 529 96 520 615 301 559 28 476 277 83 579 365 505
515 780 761 939 563 775 810 