712 842 416 647 870 996 351 557 697 605 629 41 811 289 631 917
239 762 804 729 116 424 923 940 405 935 334 660 694 606 257 932
10 877 280 523 586 361 423 651 887 735 618 555 181 496 120 26
358 724 565 818 863 813 25 642 718 473 476 378 86 244 438 431
281 75 699 516 570 909 738 318 841 176 27 371 160 599 986 339
716 144 408 395 584 707 249 387 851 875 890 696 486 386 297 126
837 655 545 924 611 434 638 537 965 538 84 521 678 815 215 763
464 615 274 668 109 771 566 844 582 279 810 536 616 223 673 595
872 703 498 184 589 681 307 816 604 646 246 22 59 23 111 489
208 990 175 288 585 788 407 325 162 778 665 576 832 493 72 972
820 167 129 188 241 985 481 744 173 583 45 864 483 982 731 591
963 