150 886 702 76 371 806 757 607 938 855 265 137 720 496 976 436
656 488 900 185 884 272 575 206 598 190 431 606 34 783 719 351
10 535 434 905 344 207 352 364 395 234 894 530 216 521 359 196
642 455 553 67 69 178 579 576 273 49 159 252 735 218 266 997
487 412 469 199 866 81 151 736 981 696 278 13 902 46 41 355 291
20 975 179 532 305 167 717 188 979 66 40 126 268 271 118 903
149 4 282 80 538 837 309 289 505 944 807 119 31 269 585 987 514
856 422 799 50 321 992 874 200 824 857 574 610 104 852 797 461
130 952 419 619 740 393 428 873 871 335 348 8 547 392 133 512
774 508 192 908 554 255 460 615 510 37 640 324 315 254 170 670
523 330 42 545 727 899 308 716 82 101 136 230 590 421 134 964
833 844 