50 279 123 841 75 559 515 404 189 221 732 956 445 377 789 361
758 429 328 393 705 509 149 805 379 531 808 896 795 717 643 413
870 734 471 759 597 770 673 464 155 931 665 948 440 54 533 331
31 258 44 35 763 710 613 556 679 144 287 708 604 687 45 606 462
993 416 883 818 532 505 426 997 568 723 64 141 895 769 202 126
92 750 355 844 572 171 87 180 73 528 8 828 130 492 357 798 570
820 103 884 924 849 159 930 987 250 66 848 277 177 403 117 869
32 234 211 807 819 387 183 489 488 662 733 118 537 288 21 395
325 293 601 496 23 264 206 834 486 741 781 927 823 108 432 576
981 316 778 421 129 167 548 761 315 534 353 751 872 257 910 260
675 151 739 181 702 502 944 772 500 809 26 56 916 855 245 478
