721 453 525 18 582 462 57 617 782 836 766 78 964 454 386 92 941
566 878 413 391 594 689 562 36 713 232 127 13 770 441 440 273
990 480 304 893 886 402 806 712 436 672 542 616 243 828 576 48
850 807 960 851 871 931 137 432 681 865 684 674 195 532 266 816
461 371 612 312 311 662 409 651 129 418 631 97 421 747 417 792
126 145 466 401 958 393 706 797 368 262 741 434 551 130 833 449
703 619 307 587 309 678 19 814 536 209 738 790 159 217 29 707
622 115 650 627 521 911 682 53 554 636 863 245 31 261 762 694
732 476 595 420 341 374 759 328 173 288 614 744 882 279 527 568
70 382 66 749 403 372 9 168 490 33 604 520 128 685 474 796 716
478 210 124 752 424 567 697 236 620 166 353 618 696 452 773 489
640 342 314 925 425 250 300 529 534 88 