407 107 454 130 17 103 762 490 284 159 688 344 414 421 355 346
926 867 685 950 38 890 743 161 918 498 69 244 882 304 256 729
384 225 810 43 563 282 789 385 87 110 553 101 642 866 77 356
396 505 452 557 976 264 790 785 544 963 381 124 348 400 267 169
737 800 783 850 818 119 690 139 901 67 300 540 670 780 451 834
953 822 854 987 462 47 880 784 271 390 996 583 126 433 689 793
695 405 222 480 586 239 580 575 631 36 771 153 650 329 722 269
218 873 820 9 943 141 514 120 287 756 738 774 420 708 56 656
566 874 323 614 552 617 24 967 765 434 753 598 78 957 224 259
453 403 242 41 114 402 178 489 612 345 574 588 140 200 812 788
848 145 116 823 555 170 100 18 816 16 638 946 821 440 970 375
518 262 439 176 311 