463 490 102 524 608 150 874 574 236 913 641 943 993 276 498 329
266 120 401 355 104 549 778 790 297 404 333 427 678 583 483 322
353 900 245 792 861 960 531 289 262 658 614 694 135 122 345 460
389 323 482 509 588 349 291 30 470 720 7 801 356 269 103 546
581 12 439 312 707 129 375 530 25 219 709 529 631 376 565 79
227 430 321 526 457 676 964 515 845 447 697 347 160 962 436 544
140 543 354 664 628 946 67 629 981 220 807 724 796 985 242 493
906 292 494 412 843 166 969 16 477 471 149 797 811 58 974 196
171 798 98 165 437 407 35 330 132 173 866 958 162 725 632 93
411 420 148 464 732 547 381 868 458 525 858 338 824 76 539 285
607 668 592 537 366 9 301 305 659 308 348 954 327 869 351 888
875 