281 489 782 569 659 44 907 149 839 289 856 518 775 239 702 929
279 663 148 18 959 342 947 369 853 738 593 962 212 3 711 707
497 870 343 622 789 152 695 965 381 525 227 846 287 811 635 820
358 423 688 551 975 460 586 156 367 665 567 201 967 130 719 1
628 596 914 363 517 214 384 531 505 815 890 300 450 346 438 684
700 749 990 916 878 781 68 325 557 193 338 709 413 981 728 814
885 824 405 948 699 364 72 748 115 857 70 380 42 837 823 585
69 621 248 573 336 490 151 34 420 6 632 89 333 737 230 608 159
976 499 428 166 906 715 980 222 952 245 805 86 371 998 950 953
458 66 619 503 912 600 910 464 179 236 392 476 598 48 581 200
54 12 157 292 572 399 964 436 37 293 379 487 855 838 368 174
532 410 169 664 335 145 471 563 146 843 753 