71 335 717 600 421 839 168 647 694 269 30 284 190 127 979 601
77 324 942 219 823 261 977 500 761 376 786 969 228 693 164 941
719 431 408 302 585 555 160 365 476 339 3 316 954 207 752 96
817 218 234 469 466 271 783 185 910 62 23 723 189 419 648 0 696
656 35 44 947 867 202 613 54 707 384 229 140 756 416 393 626
993 518 450 785 117 354 734 564 281 984 536 16 321 936 155 671
892 78 789 980 40 737 460 256 841 325 267 165 590 430 265 233
875 699 114 679 5 741 939 850 283 550 439 441 465 800 106 222
453 805 320 371 716 330 903 159 886 509 248 172 865 157 932 196
627 79 634 174 442 983 558 406 619 896 994 943 454 262 746 2
491 611 249 651 205 562 50 37 