453 358 944 831 55 618 174 593 874 661 608 712 665 928 411 52
347 230 280 429 65 422 273 814 279 558 231 908 469 23 418 461
101 595 687 224 104 625 372 961 487 598 603 212 43 152 892 79
659 950 816 567 682 790 63 838 235 51 640 967 368 632 482 267
109 423 812 802 167 258 404 540 238 602 345 582 901 895 915 684
819 870 516 977 859 308 820 503 720 124 951 584 521 806 855 184
663 573 268 374 133 162 166 506 599 293 973 773 471 986 359 62
150 86 311 900 138 403 956 177 197 182 532 578 637 265 634 112
84 465 724 594 774 651 478 847 242 98 941 552 143 572 191 185
680 930 64 435 546 518 822 292 294 705 976 568 100 56 706 45
934 804 575 770 251 155 721 647 902 9 121 326 67 353 743 