626 986 384 143 349 9 923 610 813 559 13 673 833 874 908 895
3 164 602 482 583 193 871 495 61 880 161 242 730 534 681 536
922 6 493 711 302 266 227 438 472 177 420 733 857 207 891 702
873 660 239 34 756 854 567 188 787 623 777 475 951 58 712 547
254 389 587 326 651 941 372 364 468 218 333 312 846 455 848 251
154 440 286 740 731 308 45 256 263 169 427 557 650 819 563 83
737 304 281 118 639 260 238 112 280 133 915 101 388 184 934 465
703 36 955 159 114 808 232 784 830 330 403 588 652 974 555 705
450 111 264 754 838 882 189 803 157 470 761 27 603 342 985 353
102 725 503 866 959 150 316 374 665 932 395 170 437 823 911 217
410 116 391 196 827 301 185 479 287 142 215 728 752 120 267 106
454 77 997 127 162 878 753 352 598 