640 752 308 224 784 0 971 717 797 307 418 229 562 833 524 267
763 491 237 71 248 775 743 691 912 622 94 367 332 839 972 255
680 868 493 306 260 277 911 191 613 339 45 751 601 466 538 264
723 602 685 380 329 49 991 962 185 664 282 703 10 356 667 315
566 838 476 849 1 599 322 754 3 23 528 447 120 782 581 690 59
354 82 419 740 823 722 149 979 162 506 40 64 160 219 492 948
642 179 663 176 74 568 368 678 500 482 6 318 791 652 190 673
853 509 854 353 626 906 662 709 152 387 859 812 910 9 952 872
15 519 965 726 933 982 391 828 328 992 563 572 41 487 67 349
783 749 583 209 361 118 594 880 372 580 938 313 503 234 725 533
441 671 711 117 713 683 300 180 798 365 949 420 43 27 382 109
604 747 850 943 458 647 244 668 26 295 