69 3 75 599 292 265 328 118 312 153 10 500 58 211 766 818 676
40 237 888 65 156 709 67 428 632 109 126 228 786 414 41 545 839
446 646 518 62 976 853 620 217 987 441 61 80 985 100 555 619
998 463 410 275 284 368 68 696 898 424 960 754 17 11 327 202
834 610 808 471 966 302 348 664 845 136 591 526 857 227 505 270
636 6 294 234 306 559 869 759 340 952 225 706 1 359 921 354 771
52 85 965 607 585 604 854 269 575 48 939 336 573 335 150 655
567 711 204 485 141 197 14 984 520 261 550 812 18 570 143 301
700 727 253 755 106 219 565 467 246 875 792 876 789 924 724 350
358 978 304 911 757 29 683 129 206 286 507 274 392 850 213 842
675 244 635 86 465 189 338 689 863 698 