37 228 937 368 987 134 644 870 676 107 921 713 798 780 176 445
733 205 66 912 473 803 329 507 219 174 641 235 156 627 645 693
497 564 898 604 588 377 433 675 950 72 985 739 263 76 945 651
799 458 830 364 929 838 471 626 268 438 695 833 115 236 472 289
278 908 181 401 677 522 634 69 915 242 949 867 888 990 230 71
266 597 837 349 717 155 632 309 294 201 86 773 138 538 23 518
442 493 319 225 591 63 136 117 890 3 94 781 491 784 440 907 560
200 563 5 986 893 193 572 18 297 479 763 486 856 425 354 435
403 417 419 999 363 892 206 284 118 450 815 24 93 316 36 601
984 346 39 595 944 1 144 633 9 208 864 410 917 246 891 608 104
546 89 714 529 306 558 665 504 326 954 922 82 686 878 324 852
621 283 360 26 996 847 32 314 127 988 59 245 153 559 132 29 997
30 704 