666 211 932 971 949 133 783 846 422 862 610 991 739 957 176 435
709 399 661 745 547 528 823 1 839 214 253 812 940 338 945 373
175 193 203 382 135 340 378 966 624 255 668 333 105 68 2 418
147 695 993 414 110 753 751 169 20 344 394 841 194 324 687 645
122 861 939 44 914 365 654 317 369 318 282 492 782 146 616 381
278 198 871 475 618 427 799 615 103 407 83 708 803 638 452 37
904 941 172 292 334 481 519 986 207 432 752 569 923 644 48 889
429 56 925 190 591 226 312 738 301 617 670 634 437 544 836 53
848 174 660 471 256 410 795 234 73 463 257 177 943 341 619 559
636 347 762 694 120 577 893 363 225 669 523 656 487 238 294 967
950 46 364 126 444 186 