162 10 628 948 127 379 644 234 495 805 995 48 493 180 830 611
51 486 198 456 523 75 314 503 612 488 654 449 244 359 785 891
371 60 725 621 550 709 50 448 737 932 906 620 339 335 859 704
575 951 924 901 443 797 159 867 510 45 237 484 277 196 693 146
284 44 525 266 616 502 308 790 516 872 636 665 518 126 922 832
368 843 468 200 682 936 407 655 684 769 765 341 534 187 17 886
808 647 631 377 117 931 491 546 401 238 28 982 90 761 568 343
167 890 670 446 5 227 38 69 172 404 894 498 804 395 798 877 960
772 323 539 135 689 347 910 251 442 447 383 988 940 416 22 19
260 674 362 250 637 649 629 52 246 917 517 445 600 318 533 941
614 478 338 854 716 444 252 530 463 920 907 732 544 136 999 83
927 564 46 327 98 738 