273 647 707 629 673 520 504 420 225 260 203 53 421 16 118 694
124 693 411 278 972 339 947 303 870 168 731 500 36 78 874 187
578 946 49 178 925 126 867 21 544 259 441 729 713 163 348 922
403 437 42 113 90 485 970 106 33 650 706 649 601 866 709 760
195 45 823 684 843 865 640 983 847 606 809 817 580 463 878 622
672 755 272 586 271 392 997 745 683 885 733 285 246 741 632 180
391 523 607 15 973 790 189 624 477 146 527 414 708 370 369 659
363 269 915 526 665 5 23 240 525 766 497 343 905 536 848 988
310 699 932 50 41 582 160 982 332 467 893 662 241 448 543 642
387 434 928 465 394 446 214 929 432 686 10 959 910 579 761 382
734 840 509 598 405 995 1 284 614 612 228 724 336 205 958 722
961 538 267 505 838 498 653 846 758 174 270 576 331 261 963 340
79 559 675 566 