235 569 316 910 350 119 702 167 333 170 779 129 551 298 674 214
964 752 896 12 326 514 566 454 451 482 767 92 216 279 778 180
788 722 936 755 153 534 740 955 586 857 25 976 984 273 46 891
540 96 483 367 255 468 407 753 867 781 330 310 777 220 393 995
886 124 631 784 487 272 151 648 117 74 251 624 174 917 79 50
136 961 154 754 422 226 331 234 342 603 100 411 343 544 360 846
144 500 385 291 161 739 920 88 126 108 435 221 721 532 185 447
204 965 541 474 415 717 937 959 963 191 625 354 193 356 206 426
842 121 695 5 872 897 132 397 381 825 40 499 55 605 806 942 664
591 700 53 205 501 610 930 2 934 379 943 73 587 530 285 654 952
305 480 111 849 698 844 823 696 308 307 803 69 550 572 713 617
169 672 383 29 879 31 665 375 141 774 128 36 146 456 461 