751 142 165 385 545 85 416 847 977 180 170 4 704 580 871 729
547 66 673 670 596 18 869 645 804 537 81 989 806 26 412 799 496
320 533 106 512 341 222 221 577 971 123 963 315 609 380 565 776
494 717 767 375 480 284 119 979 792 649 401 150 14 646 51 64
265 191 509 390 940 833 261 540 316 141 737 397 338 76 848 808
861 813 780 667 376 306 892 346 499 903 933 466 27 367 476 273
832 927 443 900 661 22 637 29 594 360 405 187 555 706 162 528
769 479 928 356 104 155 734 277 700 130 842 672 220 942 791 44
429 373 382 232 410 225 498 244 632 664 628 750 102 718 569 976
421 238 254 157 193 144 766 689 510 845 748 643 785 726 32 543
638 