192 109 17 689 765 350 841 826 254 946 36 263 788 876 621 635
295 92 46 752 95 5 261 745 791 978 416 469 627 206 231 782 709
9 659 482 150 222 557 305 319 784 781 182 895 31 598 866 419
871 837 930 794 880 316 667 780 309 947 341 612 516 474 153 48
340 408 176 198 632 403 160 671 66 581 707 156 433 223 614 916
604 170 407 704 383 69 750 575 802 157 122 107 744 238 690 47
119 783 435 599 683 468 853 675 600 443 189 935 563 755 628 583
692 212 137 76 993 875 167 187 726 763 885 133 587 331 285 381
138 700 702 375 920 633 893 514 249 829 453 32 848 440 179 438
55 348 463 161 838 290 239 828 113 202 421 356 986 615 154 428
786 699 764 650 573 25 478 695 470 