874 269 550 270 461 8 139 673 121 630 326 807 971 863 779 892
585 763 284 761 394 267 768 317 997 19 411 165 530 878 666 720
710 944 399 443 460 52 218 136 37 436 401 86 985 998 467 732
245 667 846 775 192 498 349 777 190 853 428 803 949 670 442 339
10 259 46 319 186 631 621 873 254 431 219 457 306 58 253 558
852 765 899 422 575 860 597 451 716 700 68 268 940 861 313 255
98 525 756 287 972 586 734 368 382 444 866 619 330 622 198 836
647 181 145 63 199 115 674 3 273 919 948 85 67 507 79 883 683
942 298 692 872 266 82 220 819 75 748 215 614 640 386 212 764
454 425 553 387 427 840 81 849 249 770 39 449 960 239 740 73
293 572 466 277 989 228 920 902 815 99 227 101 910 380 327 251
996 