395 686 578 293 7 834 470 821 567 848 430 737 353 357 490 33
13 555 612 776 412 250 832 537 449 852 687 309 338 980 793 383
155 952 71 673 25 431 130 70 141 164 245 562 274 386 50 791 577
890 607 417 262 373 963 987 128 594 660 715 895 499 122 182 336
434 745 426 512 339 988 513 674 897 611 514 273 532 468 163 94
762 255 700 496 432 853 809 549 3 355 43 91 304 132 72 438 281
253 201 393 65 119 571 826 884 912 548 447 871 175 637 137 203
723 771 812 19 34 647 450 965 887 361 445 461 382 844 41 466
251 628 516 704 956 796 511 530 822 365 818 561 367 420 410 929
288 36 869 710 830 307 291 583 999 974 740 362 992 135 456 87
907 411 222 464 525 836 205 694 502 103 806 885 390 696 396 482
190 196 651 712 173 986 825 52 898 