10 893 965 584 465 139 342 936 979 165 406 472 841 266 943 526
624 736 394 726 303 715 469 184 354 594 41 126 660 363 902 630
366 438 952 870 689 541 874 495 398 461 947 449 772 559 653 741
202 417 978 574 205 191 283 803 425 775 503 379 895 916 635 437
462 299 464 545 116 420 193 91 540 42 182 52 552 831 448 106
974 838 716 872 3 673 977 70 951 571 166 566 441 608 174 760
522 427 938 718 307 403 901 176 350 332 410 428 913 690 154 487
708 280 474 792 669 103 525 600 93 262 641 141 691 149 616 292
208 111 230 555 31 245 197 253 966 269 281 767 343 817 844 625
260 329 782 423 486 34 858 358 812 769 375 148 869 998 659 321
300 320 591 85 279 727 883 62 752 151 757 178 