669 879 211 792 179 675 126 384 704 674 225 961 359 434 379 748
105 762 72 11 914 268 238 646 861 836 166 111 195 237 860 911
578 419 227 524 462 193 575 737 877 21 973 40 659 605 214 412
260 17 104 48 28 449 808 267 864 259 424 448 413 324 163 954
82 898 305 959 698 299 995 49 550 75 629 772 113 881 700 445
535 651 552 787 516 181 827 228 741 992 732 264 351 650 176 334
880 313 137 5 182 205 414 767 282 470 300 399 471 3 863 707 606
327 332 91 941 522 100 13 57 486 358 540 382 557 773 42 455 570
146 54 297 731 218 496 562 149 752 302 584 26 609 44 106 791
811 437 839 555 600 325 56 920 728 162 12 217 243 971 150 483
571 304 943 720 882 753 289 983 642 175 835 490 935 70 303 85
276 501 806 598 532 548 703 244 730 