888 844 658 864 491 92 668 91 870 569 336 982 523 350 76 352
411 298 58 718 545 898 429 118 13 948 439 826 838 155 536 486
736 451 78 459 359 295 684 956 433 540 741 529 916 479 964 508
256 542 707 71 323 357 765 306 468 938 83 482 316 254 706 553
453 673 476 2 0 32 520 215 672 655 632 69 134 196 310 380 485
749 475 466 846 743 773 275 549 548 247 852 243 628 454 397 789
732 727 358 206 825 277 909 38 384 806 300 452 630 307 544 940
99 179 587 224 63 889 183 981 402 967 396 234 85 202 56 521 585
414 390 674 828 566 626 353 708 458 122 132 571 346 939 835 927
200 360 793 22 827 171 154 184 505 372 75 140 613 744 678 751
235 129 840 866 423 233 609 568 338 138 807 584 294 163 810 442
405 957 314 830 679 