283 947 11 451 51 720 928 419 966 370 890 35 212 506 331 124
557 569 558 380 142 960 547 87 429 464 779 562 459 208 954 852
875 481 313 123 752 267 747 534 390 460 828 6 684 599 494 938
929 68 278 107 277 702 699 259 999 258 969 265 880 910 510 103
786 307 469 349 97 218 667 131 849 564 357 722 250 605 416 661
838 585 597 261 665 806 560 591 822 995 877 306 654 561 215 292
672 234 592 671 100 952 56 768 704 861 135 851 434 867 566 821
798 725 237 48 54 482 858 274 819 254 837 497 233 66 15 82 24
342 918 448 85 312 251 996 239 193 745 194 247 820 916 908 353
993 316 513 413 737 899 891 728 279 992 30 697 810 102 621 72
588 764 873 584 516 689 94 399 840 775 633 324 994 499 959 45
729 772 887 