356 644 935 888 326 117 950 522 135 241 611 608 997 428 148 401
947 810 576 59 447 755 92 654 925 579 43 457 328 3 599 542 510
861 752 203 432 648 602 877 809 177 967 856 21 402 84 588 929
547 237 953 799 264 256 606 484 204 36 907 218 427 145 191 281
541 916 900 977 456 903 735 878 946 793 188 853 758 322 507 926
647 438 377 149 548 242 543 762 876 108 506 293 904 624 722 393
225 17 575 208 5 153 47 523 636 82 222 245 517 731 100 128 693
184 54 843 228 857 720 511 917 573 45 561 978 187 958 736 61
823 994 911 998 384 186 536 316 525 712 206 675 922 529 819 469
347 678 467 279 352 806 586 426 441 249 626 435 859 610 267 527
104 257 732 463 