792 750 967 714 507 174 125 901 98 976 377 198 343 464 990 157
442 508 455 875 733 735 962 203 591 791 272 59 189 412 223 137
831 743 829 884 519 209 182 529 822 138 420 256 468 417 987 951
906 862 75 586 356 599 150 159 762 515 493 654 281 927 982 266
797 320 688 487 340 999 768 553 484 500 995 825 655 463 301 662
39 913 966 71 229 293 757 608 689 400 580 739 161 308 342 534
703 809 821 614 426 945 331 69 501 826 85 367 880 228 764 687
168 430 798 930 577 100 119 259 60 11 354 416 323 692 549 886
348 49 304 260 178 131 415 629 32 955 755 915 806 80 697 446
114 8 903 816 698 4 249 199 997 375 339 738 569 432 518 380 214
911 978 222 104 169 231 173 850 485 628 957 767 267 102 573 925
972 279 545 235 674 66 939 504 756 815 283 3 680 952 840 799
359 619 165 454 282 701 