619 72 20 873 179 267 286 641 735 93 257 166 850 55 550 835 430
843 41 157 865 739 849 922 607 376 204 139 964 569 441 609 352
82 727 213 861 440 318 520 238 407 61 595 431 142 548 51 387
215 878 249 361 562 788 956 864 159 650 450 671 784 515 781 396
52 511 874 927 700 483 816 26 851 389 950 163 168 281 47 797
144 378 277 386 178 991 968 975 638 824 347 776 368 187 99 817
86 996 404 449 140 967 965 292 779 928 7 675 214 258 586 350
471 554 124 802 931 761 541 769 374 593 960 390 220 329 40 38
895 535 334 25 734 463 371 62 232 883 544 412 58 146 553 689
687 805 810 556 301 889 841 287 155 660 119 986 563 1 69 962
495 506 829 530 540 510 909 269 813 219 612 767 338 501 411 534
331 218 104 879 10 664 961 488 237 278 635 250 425 251 826 351
636 75 240 744 22 793 714 2 