41 274 815 736 896 622 614 607 619 397 694 473 4 246 991 700
154 856 550 605 351 302 894 771 250 978 707 353 305 43 782 944
112 818 714 515 264 129 909 137 243 92 308 763 282 855 748 556
715 59 814 147 25 580 883 987 868 343 869 810 307 656 985 831
234 105 453 642 904 158 259 876 104 651 678 702 201 650 271 130
216 352 920 50 604 633 561 149 300 602 589 235 204 706 74 997
480 441 582 993 621 526 238 773 670 941 182 563 224 950 100 585
852 62 658 998 155 334 138 157 709 958 952 469 795 470 886 577
764 999 277 708 394 33 548 797 986 805 323 592 925 461 641 450
703 720 98 97 10 942 310 102 207 66 379 872 698 123 143 984 857
624 151 947 202 695 761 861 346 231 452 188 994 603 503 812 396
384 833 512 429 570 290 490 17 635 211 981 68 402 174 541 24
316 884 181 