33 338 890 642 382 119 704 797 353 248 767 93 336 136 785 436
129 582 289 741 628 580 720 36 159 787 662 885 466 498 154 557
407 685 127 613 734 223 672 810 818 506 661 878 454 158 309 17
908 151 297 576 712 22 905 697 852 539 375 479 835 253 337 167
593 480 524 746 453 260 240 591 714 985 255 236 548 663 670 497
406 948 751 333 30 350 0 215 866 792 302 711 415 490 820 575
204 225 340 977 550 986 169 413 887 314 655 968 636 285 274 643
372 477 975 324 142 239 944 361 201 611 569 946 471 495 549 52
589 635 217 162 973 144 826 243 821 14 766 308 109 864 208 726
157 901 292 177 315 654 962 876 259 131 174 483 607 982 77 839
9 533 268 959 788 800 396 200 371 796 133 40 897 710 695 