886 120 327 176 200 110 903 425 42 71 22 847 435 830 962 790
202 635 743 501 93 991 447 958 393 161 770 774 412 57 926 205
155 678 401 729 10 747 757 253 265 741 904 940 845 616 268 384
325 833 158 976 825 61 368 519 595 572 207 650 781 717 766 846
508 333 411 187 606 665 535 578 780 636 79 526 540 429 270 529
338 788 555 994 121 370 229 352 943 460 720 657 318 463 261 637
14 317 866 854 905 907 13 567 233 563 799 527 443 126 888 119
761 661 179 586 600 470 276 247 621 350 378 362 305 533 98 387
849 515 856 213 835 406 139 94 998 755 78 985 703 601 458 811
542 610 967 986 398 642 4 288 823 980 297 506 969 767 269 244
763 517 679 698 892 310 45 938 373 280 867 408 890 944 239 917
658 783 522 48 369 700 