761 786 208 585 614 238 127 283 683 386 561 854 13 469 169 193
609 418 262 204 593 20 961 903 229 732 750 121 365 237 411 512
379 670 926 736 805 354 367 348 588 179 437 740 597 152 458 696
278 84 540 953 415 258 819 17 851 312 271 321 74 785 739 97 310
874 56 61 834 375 326 344 234 906 506 203 800 687 595 583 794
625 872 313 89 129 486 822 443 488 83 929 555 250 748 643 195
546 294 399 119 661 837 664 924 708 462 374 880 993 565 967 291
433 221 36 57 674 117 927 135 988 414 995 867 131 646 990 668
937 532 858 608 338 205 933 194 577 158 742 752 78 629 63 334
417 378 743 341 780 902 21 689 675 936 809 402 254 495 914 932
500 511 873 