294 735 434 689 453 72 613 873 728 900 587 361 678 22 657 540
516 535 651 542 731 764 802 457 77 512 371 270 459 539 953 92
436 779 283 586 748 486 78 220 87 449 891 682 758 192 266 929
846 36 705 464 634 749 847 364 571 269 412 762 667 180 302 979
168 403 124 720 712 619 843 991 359 644 23 480 463 863 806 25
659 264 623 511 752 724 604 202 28 918 161 509 727 755 709 716
606 493 569 577 915 247 859 789 186 930 435 224 809 825 925 907
222 654 575 277 395 999 44 923 447 998 402 730 781 771 692 552
184 441 515 589 501 75 26 584 239 782 130 17 928 671 590 848
347 73 924 760 398 896 672 566 958 311 491 985 295 370 143 250
698 150 315 949 