740 674 207 757 798 898 871 588 476 525 278 329 589 506 527 370
296 544 821 159 5 736 885 857 408 709 902 633 496 716 158 389
365 148 717 283 529 746 73 917 321 68 792 222 239 875 256 404
117 518 96 810 809 644 981 680 249 511 848 707 561 725 12 154
699 722 623 160 891 778 696 879 366 181 102 31 166 828 261 229
351 516 814 526 355 730 603 880 957 992 6 273 426 84 303 602
996 569 170 265 973 800 332 457 889 513 342 382 42 461 661 859
854 467 940 360 950 559 135 16 911 466 87 369 584 164 543 758
435 984 721 206 925 704 54 65 241 173 853 684 10 354 869 35 20
640 750 393 380 804 577 923 982 51 250 677 25 594 843 966 149
726 63 288 272 695 364 665 618 760 499 822 501 348 728 