791 703 602 792 350 609 911 936 164 614 200 803 879 604 992 581
686 170 186 915 361 979 887 385 896 855 168 825 434 202 782 454
555 433 993 88 625 780 946 639 814 921 194 932 526 595 98 115
86 329 962 618 47 937 343 552 640 659 716 417 988 510 597 900
648 737 196 870 892 560 498 864 881 346 745 178 810 904 627 171
522 974 599 193 714 51 939 717 664 550 253 137 46 760 181 4 501
512 265 562 390 320 504 182 991 568 224 611 516 306 470 546 282
788 300 138 969 344 950 561 66 635 185 955 323 348 364 299 436
559 159 689 832 481 646 238 818 731 709 679 978 637 197 743 956
479 596 175 375 462 165 128 275 108 844 125 150 971 784 42 287
997 891 813 807 36 297 241 823 699 216 126 495 480 543 