65 303 738 856 348 160 183 197 219 667 6 372 707 536 95 240 268
735 260 144 467 859 360 366 438 238 628 862 808 90 103 234 204
962 365 363 317 706 277 678 846 830 356 833 271 249 893 184 636
599 768 420 990 674 760 806 541 344 267 714 970 606 425 418 484
765 886 980 199 681 940 276 389 53 148 16 193 440 400 498 992
121 223 960 801 419 380 823 861 742 172 701 412 733 388 603 134
665 518 107 815 824 955 449 216 759 51 424 775 611 451 507 82
125 716 850 501 13 926 814 73 23 866 132 617 84 472 319 629 66
286 912 31 924 235 87 986 129 7 771 320 693 147 146 243 374 592
558 327 795 281 313 867 26 800 289 539 748 865 325 692 188 864
341 609 474 495 959 157 