967 114 829 771 591 335 185 854 174 158 454 626 319 567 238 503
429 461 437 822 107 357 537 538 10 438 994 729 914 411 16 43
113 714 57 390 17 649 985 72 637 832 491 410 673 435 654 165
935 31 62 446 132 586 611 716 61 603 592 388 448 820 350 799
310 424 497 392 816 901 533 619 144 798 81 651 840 68 877 508
190 381 552 695 965 341 738 382 557 904 604 701 863 372 796 305
462 874 119 26 420 706 481 383 24 171 78 710 453 179 749 50 810
818 129 449 347 707 892 417 227 407 115 800 570 157 870 346 811
972 573 902 210 662 212 0 297 884 898 659 679 542 334 70 295
337 56 301 748 468 126 229 309 168 956 73 399 131 355 467 173
663 75 367 585 303 