727 781 8 170 936 628 743 378 929 877 993 843 86 376 257 745
492 650 713 981 262 959 816 741 753 456 67 415 413 468 398 44
128 632 739 532 599 165 620 416 448 615 420 411 348 135 896 588
190 482 72 621 99 252 321 309 258 69 765 795 278 665 957 678
113 989 280 134 867 138 322 176 49 772 617 988 463 210 55 851
418 140 587 708 197 883 111 698 460 363 230 324 153 149 960 890
782 338 42 509 956 223 704 94 171 407 638 174 856 487 247 204
192 312 583 551 834 470 454 807 139 14 884 801 361 319 54 863
410 436 446 552 968 966 521 372 535 596 185 351 618 85 189 908
652 862 382 143 841 440 369 485 672 711 315 987 791 980 819 393
437 680 93 886 900 697 666 193 