309 988 144 498 71 809 931 108 409 750 231 457 386 757 626 945
123 192 324 853 395 89 607 499 525 0 621 842 704 754 966 290
251 918 898 961 50 379 899 168 202 405 248 137 272 641 909 22
522 972 571 755 48 510 645 369 699 433 206 10 518 838 45 230
650 11 769 337 818 474 158 419 413 822 840 95 993 404 688 908
612 396 540 949 789 868 591 731 311 68 447 286 981 865 564 486
712 182 946 574 567 129 980 526 408 722 372 415 213 528 344 479
377 417 978 124 497 282 260 185 150 907 855 638 960 560 72 749
694 534 860 148 529 772 619 929 393 70 984 689 836 467 660 82
113 111 468 496 802 828 904 200 514 575 874 543 77 37 742 401
397 178 623 21 732 172 994 274 273 392 701 269 287 232 56 977
756 227 430 765 852 114 166 26 53 513 555 830 17 519 177 25 