279 280 999 680 411 135 3 647 790 33 214 281 532 264 462 776
445 276 203 742 352 601 336 493 321 64 41 257 369 16 598 51 210
624 414 69 765 262 596 100 43 804 181 653 259 527 663 255 46
102 618 226 495 951 140 658 949 333 766 395 207 775 844 408 447
534 852 211 277 144 612 263 201 236 847 962 68 851 88 457 833
206 169 282 808 809 154 260 684 926 524 599 129 548 374 273 556
343 265 435 823 209 415 253 222 736 174 978 785 499 829 632 104
382 386 182 7 806 423 697 187 880 275 528 421 575 8 67 891 244
107 338 755 290 894 398 2 846 167 484 397 827 482 188 560 699
794 897 178 991 26 915 889 502 552 407 503 80 412 974 758 531
543 431 754 858 30 348 737 714 