103 546 790 509 855 5 205 628 718 395 227 441 505 209 476 271
9 288 141 396 743 364 465 218 504 994 614 879 492 529 498 30
392 907 422 326 134 752 545 35 497 175 65 999 897 150 370 552
11 674 333 882 202 797 520 281 584 819 329 776 870 844 331 576
204 216 892 181 69 676 690 761 1 201 327 732 597 780 620 111
215 207 183 833 330 564 166 602 898 959 479 782 31 663 62 986
137 194 717 648 655 7 334 177 286 789 654 409 355 415 255 990
217 495 323 963 841 47 408 436 585 928 517 312 734 587 225 145
461 852 826 43 161 775 805 523 406 335 756 608 71 664 348 87
100 226 901 605 44 850 921 6 140 806 667 488 169 941 930 876
656 430 728 122 891 418 960 293 317 726 378 661 