379 665 120 96 707 224 573 344 855 176 472 787 790 625 762 216
753 483 719 381 147 44 849 916 555 173 821 896 861 278 603 488
536 131 418 492 303 739 360 919 668 15 978 566 74 236 948 803
977 768 8 736 58 154 445 618 159 102 382 551 947 892 188 470
723 951 578 490 939 478 447 660 326 174 128 712 464 23 534 624
587 276 937 845 40 460 860 772 888 539 635 213 732 969 848 816
150 235 94 703 32 435 55 862 677 953 512 77 349 993 498 507 95
550 438 572 500 963 617 554 629 850 457 542 957 101 233 644 838
494 631 46 28 259 158 29 405 615 191 137 997 568 345 413 628
343 520 529 296 824 831 508 608 423 832 722 182 852 466 85 777
376 342 65 123 900 720 793 