807 199 688 689 895 563 536 583 378 783 891 732 574 176 757 150
474 825 858 960 686 397 391 693 986 919 168 838 154 966 660 479
40 476 712 196 909 407 863 53 465 245 220 309 473 321 439 877
872 742 952 195 360 46 551 835 78 328 824 198 341 718 143 266
132 848 317 739 932 251 113 950 42 703 642 611 723 977 934 697
691 471 989 844 648 854 63 377 575 45 49 24 646 789 485 999 968
166 972 853 645 855 492 254 684 695 938 704 86 921 912 387 333
121 48 898 454 316 416 736 212 457 357 726 178 225 304 128 523
470 201 828 160 949 190 68 817 737 644 239 64 285 236 936 866
430 18 99 129 364 422 44 480 331 634 287 605 985 520 215 553
125 892 769 486 823 900 11 997 940 513 260 222 140 931 598 758
488 888 531 77 59 258 995 694 774 942 226 477 279 20 812 497
904 778 716 867 343 927 714 