960 444 432 712 350 774 992 189 380 449 236 768 551 140 323 479
723 507 34 313 754 799 780 248 770 884 31 951 819 726 994 150
392 835 719 289 696 975 927 345 23 707 660 412 200 62 787 928
264 325 114 538 728 921 969 4 310 3 63 516 763 466 426 527 489
731 562 391 45 396 898 714 243 305 845 404 274 629 513 681 922
195 755 815 533 168 330 21 290 336 870 772 810 857 844 268 697
108 528 227 659 678 677 605 232 834 492 859 993 886 945 435 764
343 773 699 27 471 131 418 15 60 408 405 385 16 369 129 86 950
485 759 152 982 230 614 666 724 499 359 715 158 429 103 781 73
341 896 508 326 846 560 519 580 124 991 744 436 709 918 789 352
747 28 