153 260 990 499 997 844 204 963 674 813 404 109 579 936 851 78
729 400 669 590 705 412 146 411 698 313 795 172 598 302 430 628
53 777 328 282 170 114 506 702 390 226 101 821 765 245 666 889
929 908 641 113 741 707 753 945 659 410 896 987 326 283 120 660
276 41 156 778 610 nubby 488 nonmotile 255 653 965 85 516 362
312 742 862 0 668 264 445 171 507 752 67 462 315 311 870 408
108 266 552 256 234 759 602 699 56 736 796 643 939 367 77 447
478 924 790 815 713 607 316 242 243 887 76 969 978 495 835 455
975 834 872 461 959 744 415 497 595 876 693 419 323 554 935 711
192 479 205 731 587 538 280 758 318 865 collagen 565 287 578
974 290 238 576 324 970 480 301 780 467 582 606 214 221 239 393
797 403 281 33 831 292 561 717 486 418 968 827 235 195 793 684
152 631 28 679 826 