51 407 753 192 596 372 678 565 35 429 124 658 292 508 673 249
390 983 765 128 817 695 671 892 588 75 749 507 564 810 248 446
571 561 932 365 83 861 278 583 541 834 769 328 338 627 444 621
378 351 859 139 271 227 843 143 655 337 149 418 870 804 615 166
339 459 968 674 504 866 605 725 959 90 706 963 550 977 930 553
325 962 971 298 979 766 662 296 21 794 970 929 917 404 641 822
20 61 890 31 399 555 994 420 812 610 133 60 53 612 332 764 858
309 912 27 182 155 790 677 397 850 193 245 783 580 307 241 927
643 740 426 672 607 412 828 257 123 887 698 25 196 262 845 537
888 827 771 167 119 597 15 71 593 501 469 956 216 714 215 329
796 926 318 751 986 