827 341 493 202 313 607 504 109 72 19 697 100 427 838 417 425
78 438 685 876 385 917 154 197 223 484 98 138 437 204 807 235
810 792 852 62 637 160 834 906 293 820 66 148 890 149 178 683
256 360 54 145 356 185 968 645 583 6 536 303 395 727 754 464
349 472 268 648 659 644 770 830 898 788 161 70 570 866 298 5
17 676 809 116 801 989 283 143 512 309 559 959 742 498 444 668
141 30 273 639 371 505 653 115 28 822 455 102 319 180 530 726
626 103 456 391 860 118 257 317 151 411 308 741 618 164 602 508
294 369 206 744 205 132 641 186 461 609 652 187 581 488 911 662
191 242 815 973 11 719 113 217 35 811 985 758 782 214 516 794
422 152 169 321 9 616 808 97 312 615 16 579 934 881 354 403 133
528 821 