705 82 20 32 911 920 299 250 886 993 267 521 857 556 642 735
436 975 432 129 101 439 977 111 481 326 625 427 369 440 589 70
890 215 138 499 247 445 603 116 232 951 368 624 537 62 216 401
340 982 347 511 156 822 888 760 901 451 608 834 312 955 487 612
808 151 957 529 614 12 120 306 11 783 430 866 259 39 196 68 22
833 799 909 640 721 937 234 714 349 990 214 352 356 498 106 874
798 396 253 859 503 320 532 815 976 775 562 518 849 627 271 763
172 293 113 574 733 7 986 325 313 412 889 844 853 319 994 971
276 554 38 279 788 41 515 83 903 376 0 341 298 29 581 333 497
304 173 745 840 949 942 566 358 228 913 607 345 756 838 91 547
830 630 105 167 753 476 339 175 473 707 510 471 139 617 133 996
548 854 492 382 925 671 602 