270 254 844 118 108 129 62 125 530 856 145 429 670 679 878 566
24 736 561 795 355 156 171 575 871 888 294 678 247 786 937 852
828 589 715 331 876 882 345 682 280 646 93 185 656 915 425 89
408 3 976 811 9 135 826 293 386 601 189 812 532 41 896 354 96
371 278 708 637 913 20 183 506 349 203 233 541 952 719 300 747
923 55 709 928 147 157 448 463 494 611 85 885 702 304 107 942
757 780 669 260 393 71 600 801 495 598 523 213 731 338 845 146
689 241 457 114 392 281 884 861 809 927 626 608 265 212 237 388
91 703 908 525 967 312 481 807 705 777 415 692 104 980 101 492
973 155 166 686 901 177 823 717 632 870 450 660 455 489 902 850
522 889 905 841 401 126 851 586 21 945 306 