718 20 333 938 802 995 642 667 619 734 956 733 186 495 276 773
703 265 79 834 185 614 566 645 55 8 226 14 816 975 846 360 837
144 304 555 497 972 851 756 525 819 467 519 602 286 314 115 540
490 901 831 543 630 371 500 920 549 999 433 120 676 894 368 263
127 727 523 408 436 505 223 134 743 803 174 54 880 989 268 631
665 884 533 471 303 746 844 940 394 107 988 146 496 686 618 644
87 38 556 982 381 166 782 583 216 67 572 506 82 617 591 158 766
929 608 524 98 335 342 212 973 379 311 776 43 194 561 603 685
536 508 753 643 997 251 306 860 902 559 2 472 588 919 980 605
784 853 64 299 660 491 421 264 481 411 297 262 528 207 427 428
398 423 417 344 747 28 197 885 138 485 517 384 407 745 270 903
635 633 998 