399 477 515 417 319 725 646 698 760 781 341 547 31 875 858 415
185 589 648 485 269 704 410 219 712 387 955 887 852 329 810 32
132 524 327 690 895 920 453 440 172 340 689 266 783 906 429 964
568 285 558 458 70 307 720 58 165 857 972 450 255 812 826 345
702 581 407 501 902 448 966 135 543 603 853 401 312 592 86 960
133 866 41 708 597 83 141 956 694 245 808 26 107 862 779 39 782
498 15 655 605 260 666 717 664 528 169 590 376 509 901 268 802
373 111 840 660 109 314 433 244 949 934 230 608 226 786 883 536
861 529 466 632 432 80 778 926 616 798 311 102 499 508 974 411
942 270 386 636 52 93 756 622 406 183 275 358 904 361 599 299
488 588 734 396 5 155 683 650 196 241 262 753 62 205 439 491
33 722 521 10 209 295 640 795 522 