32 160 170 935 96 69 679 245 174 476 783 490 651 869 827 905
741 155 368 984 967 689 93 81 407 740 892 46 280 108 100 214
878 772 785 819 257 488 886 70 667 171 216 901 90 621 140 149
58 553 601 279 462 470 710 3 79 526 302 166 135 762 602 474 489
122 139 44 485 660 457 543 414 197 408 290 554 735 589 642 635
64 879 330 494 88 725 917 25 646 517 239 398 548 946 434 760
304 752 798 714 41 534 428 640 663 425 230 113 913 582 479 24
28 848 31 9 218 152 627 340 390 151 612 659 742 388 891 213 691
507 420 722 448 422 964 267 297 976 56 552 992 359 248 824 903
243 683 84 997 98 502 684 696 747 367 348 995 172 948 266 533
