152 398 424 568 157 247 765 961 670 156 304 965 284 784 887 472
527 348 915 36 551 322 448 192 106 263 792 861 955 47 166 198
821 490 280 879 679 183 704 77 823 607 277 571 845 177 723 308
92 443 523 793 78 791 941 432 204 895 649 474 772 418 587 352
751 376 163 289 397 737 721 393 604 810 20 642 634 731 71 866
357 467 415 437 778 833 981 454 141 555 719 940 506 609 947 220
137 939 709 144 81 972 658 447 455 726 584 621 927 1 740 516
786 64 611 160 689 321 701 100 728 253 316 836 16 491 581 827
334 734 882 355 864 324 591 613 615 173 358 128 873 377 903 320
756 952 223 558 256 596 88 61 339 205 456 2 950 909 672 846 550
385 430 629 585 890 625 811 423 120 524 896 936 542 236 74 480
876 782 50 559 626 606 818 801 956 