264 54 407 535 329 876 272 68 943 833 298 878 223 549 301 555
59 525 902 760 480 761 302 952 317 993 889 90 617 265 572 428
700 971 944 19 1 510 753 155 868 736 55 154 891 805 863 239 352
70 750 312 316 507 441 131 43 820 840 249 208 416 564 484 25
307 984 927 61 838 313 913 793 229 423 15 453 542 908 471 66
420 75 826 336 818 396 199 532 831 809 976 619 791 563 492 446
880 900 674 41 682 994 115 800 69 226 727 465 604 235 330 951
631 541 333 719 151 819 637 824 212 673 236 742 210 76 794 412
442 615 671 405 603 583 365 920 232 153 36 429 349 733 459 696
8 273 3 26 406 529 118 524 156 305 341 915 877 635 601 379 250
685 807 81 102 430 377 368 215 53 945 158 56 359 930 808 300
960 