439 67 405 436 580 200 506 430 112 963 306 692 459 647 662 457
355 766 178 487 643 896 367 862 420 158 283 349 258 290 94 213
153 95 265 518 573 199 541 610 676 40 187 325 182 260 34 114
106 554 711 755 103 724 566 389 532 224 621 507 852 155 529 248
677 342 26 329 569 651 261 630 975 945 794 324 496 317 328 177
279 376 689 219 284 944 908 378 386 321 732 721 113 602 646 296
864 735 16 605 431 288 848 582 841 12 855 847 385 920 394 51
354 417 779 474 294 683 266 125 406 141 632 31 5 503 327 703
379 695 976 286 127 339 993 668 599 77 74 994 795 888 305 274
938 411 895 347 360 900 615 563 921 673 769 35 688 899 578 856
603 784 