508 484 968 365 799 551 226 796 383 789 141 978 338 337 518 219
145 307 476 426 529 600 614 558 671 746 487 537 344 899 604 231
352 246 522 821 815 914 711 5 698 454 872 446 904 421 20 462
354 585 998 658 814 690 249 474 625 362 251 157 677 693 645 150
840 618 595 223 626 539 651 694 400 680 599 909 137 0 825 116
51 46 742 542 43 758 283 681 663 932 228 36 394 678 38 556 417
750 311 841 370 391 479 372 568 332 864 366 412 146 701 988 730
788 220 532 665 161 178 976 244 342 250 893 266 318 472 740 512
119 87 364 545 154 816 638 943 53 890 617 350 667 934 757 983
468 868 965 612 253 109 58 317 398 960 715 962 473 553 194 140
601 334 565 225 345 407 697 548 639 870 513 819 319 956 49 708
373 458 381 469 406 25 402 403 212 466 839 831 232 74 797 19
749 