969 941 97 415 914 460 124 419 938 16 42 748 128 849 633 883
985 725 751 15 635 12 928 280 435 835 22 274 735 519 618 448
999 946 25 920 422 319 138 464 345 484 191 167 737 801 729 117
875 889 225 163 693 335 302 716 905 854 178 261 976 364 569 605
996 668 755 808 794 404 951 5 95 288 588 379 161 47 586 115 922
308 110 958 964 937 258 675 795 209 834 869 279 147 543 202 193
939 566 656 3 893 990 372 262 246 931 995 980 579 590 154 625
683 901 192 646 918 800 478 118 400 242 338 717 420 71 7 784
657 781 278 818 36 75 759 402 406 87 142 562 552 965 855 986
627 408 483 810 49 948 836 417 43 368 930 273 0 139 640 975 439
59 152 731 710 359 405 185 310 119 457 740 88 724 38 381 779
926 841 821 659 706 843 160 129 