101 137 598 623 869 656 735 306 984 482 965 221 942 906 454 273
629 977 605 428 660 496 339 411 470 816 494 529 69 690 497 95
261 929 367 680 324 782 265 810 229 832 177 377 809 585 32 872
425 792 875 574 91 837 582 640 374 399 669 776 189 120 405 568
699 981 498 257 724 711 31 33 353 118 271 937 721 309 301 303
943 589 99 804 834 986 111 891 268 305 953 209 24 955 503 584
974 508 366 242 987 800 410 85 779 160 448 734 314 796 89 334
406 464 650 661 532 813 747 451 96 465 714 706 857 726 852 949
691 269 730 343 65 948 224 742 620 887 919 288 477 511 950 639
617 624 797 481 628 133 37 697 645 594 802 420 750 147 476 125
687 698 459 862 826 751 530 944 941 402 610 722 226 321 983 760
397 82 