205 956 771 968 265 370 389 598 395 144 906 596 253 52 402 733
757 981 787 732 777 102 351 377 936 266 284 693 428 310 412 738
76 479 973 338 976 517 554 191 698 26 724 14 618 300 483 70 753
827 640 501 27 34 719 17 183 876 50 430 502 873 527 485 567 18
927 45 186 646 604 92 895 477 583 138 192 991 127 614 330 463
899 819 775 691 419 643 703 779 519 497 780 674 675 359 772 737
770 934 783 42 804 544 581 512 356 54 345 937 246 177 800 626
173 376 109 722 588 277 505 148 540 557 715 947 174 704 333 815
761 60 99 624 295 857 896 198 212 221 217 985 383 584 38 821
944 114 659 830 972 29 21 606 959 388 694 69 916 727 913 522
242 994 784 136 839 117 953 560 739 407 726 526 725 962 978 578
178 605 967 970 47 213 143 