502 938 336 110 493 765 217 303 824 80 962 601 432 326 77 296
961 263 140 632 946 127 546 153 392 372 17 147 460 825 292 242
499 945 173 958 675 650 459 417 891 868 248 992 322 826 43 504
65 59 897 358 839 977 615 54 5 10 772 276 298 542 591 625 397
171 184 911 396 596 713 775 634 843 834 578 318 70 415 137 236
280 510 679 66 783 761 842 379 118 960 942 727 828 691 256 975
112 102 555 912 588 220 871 923 180 503 998 363 376 87 900 881
551 113 423 84 488 345 350 165 672 554 710 854 624 547 909 712
500 252 475 58 758 925 931 550 93 674 270 827 814 454 926 809
291 571 993 700 576 79 552 97 301 743 511 284 202 787 620 781
306 413 328 49 240 169 838 114 929 234 990 717 657 928 73 766
342 870 337 577 300 9 447 