888 763 218 394 586 342 554 512 702 387 507 783 556 274 522 440
127 181 572 811 904 508 427 352 587 405 281 117 366 496 170 189
90 417 240 906 365 458 679 905 290 578 495 821 934 830 68 787
791 275 239 894 396 236 666 244 752 63 96 473 851 625 568 372
691 537 868 675 54 547 956 249 663 297 598 827 241 653 793 955
337 721 532 755 499 789 264 846 273 443 901 26 876 125 404 924
453 926 418 493 552 646 419 852 173 243 485 708 558 331 887 186
234 259 447 848 716 104 461 434 693 574 819 154 520 58 863 724
423 463 886 10 686 3 135 553 624 745 877 192 592 155 555 1 593
248 619 654 818 867 129 841 733 927 667 207 213 743 188 534 327
116 549 470 124 227 488 131 944 715 412 476 34 57 283 215 550
359 762 857 861 479 991 908 594 452 737 892 504 