565 81 426 352 825 239 448 998 672 49 837 661 897 882 773 623
570 764 849 117 640 316 719 195 73 611 383 434 262 53 652 92
380 9 910 86 418 551 919 503 115 889 36 402 789 510 663 159 50
952 278 916 63 961 238 223 848 821 284 66 227 296 300 403 155
590 257 585 601 748 990 827 928 556 314 626 898 731 830 363 337
152 1 915 784 862 477 758 59 276 685 359 286 771 523 84 37 865
922 205 609 466 904 82 778 518 574 766 188 614 599 415 387 631
777 183 225 725 24 917 706 368 288 87 900 501 100 351 65 235
243 534 903 76 495 230 780 655 273 490 486 577 52 754 413 988
744 691 267 412 106 710 110 747 568 301 219 127 12 471 379 229
543 736 517 633 216 694 629 705 608 933 717 950 