680 236 435 60 428 884 284 338 885 223 565 453 177 57 64 500
65 882 851 178 635 445 844 32 411 383 165 618 607 950 626 678
248 617 609 107 781 136 910 51 36 575 193 101 195 760 508 891
541 456 828 466 202 443 337 181 968 345 142 555 364 715 346 370
437 724 394 654 868 648 566 492 788 735 805 722 977 163 689 263
613 864 350 318 838 190 611 770 964 125 646 341 314 677 871 850
903 693 234 357 354 668 156 776 892 757 963 20 534 655 874 826
823 155 305 536 846 731 934 440 997 389 928 998 511 74 118 487
88 559 501 966 736 622 780 525 915 812 390 516 717 895 762 273
449 420 567 265 533 827 606 923 684 890 279 855 994 859 771 686
247 219 579 752 217 377 956 461 893 122 106 671 849 700 323 954
482 625 908 184 510 836 39 837 292 