78 349 385 144 10 723 189 633 917 849 991 676 865 17 107 751
335 557 80 419 48 762 245 546 847 424 121 47 303 898 216 281
626 727 711 4 496 766 451 213 998 171 873 397 307 330 560 313
814 345 706 359 44 765 803 517 539 920 630 67 365 888 566 969
644 735 489 479 269 908 238 914 388 661 811 416 789 555 395 699
776 152 39 480 106 35 391 441 437 73 871 170 625 377 802 782
262 999 148 163 949 621 215 798 950 912 293 5 841 646 187 562
696 624 503 933 371 406 223 353 746 754 708 514 296 734 336 580
879 31 772 601 192 439 146 497 191 685 955 61 164 83 532 741
659 508 885 232 807 373 866 534 733 57 126 627 435 283 631 453
375 603 836 341 617 620 977 679 491 294 987 629 267 140 168 850
697 452 