119 90 137 546 26 512 216 773 176 992 777 179 655 48 449 544
997 618 478 297 899 643 797 952 942 707 563 677 706 298 334 138
710 39 252 477 885 362 636 421 316 635 699 629 219 118 825 430
5 587 213 126 3 893 301 697 648 839 781 462 468 141 183 752 848
755 537 36 372 31 483 541 676 66 404 634 763 610 551 650 684
223 480 843 363 815 790 841 720 365 927 499 294 857 637 32 190
335 20 974 589 505 686 409 678 999 560 484 892 977 110 171 604
960 376 778 925 339 782 621 324 255 783 863 954 125 784 368 236
72 164 827 196 366 847 679 293 88 76 965 715 591 165 724 369
504 67 155 170 552 503 153 377 41 397 34 856 832 736 689 884
749 426 133 357 747 405 356 205 819 476 