823 293 585 970 189 539 551 150 91 29 989 438 454 752 256 745
513 572 836 104 433 158 452 205 834 632 497 635 488 477 89 908
292 839 5 956 124 872 478 62 453 468 610 810 822 156 778 0 683
870 476 313 747 249 978 16 973 820 776 467 229 829 179 219 326
791 450 557 131 336 952 325 172 757 296 665 658 51 94 57 853
110 607 783 920 87 119 245 649 10 687 251 696 43 949 238 70 239
628 298 354 469 946 790 653 88 708 153 939 619 715 80 449 76
626 905 786 695 592 342 347 113 151 815 396 78 843 917 808 759
8 48 669 64 953 548 629 540 202 383 777 203 390 884 878 123 538
412 276 324 434 915 711 146 742 817 421 362 201 609 571 15 716
1 285 248 873 536 993 916 411 181 709 182 962 700 912 646 207
617 577 661 371 559 82 994 277 74 637 344 128 230 957 984 368
942 175 161 232 243 892 