178 139 141 794 812 885 745 468 20 566 429 73 873 321 87 695
166 180 787 662 617 752 150 142 88 232 235 208 739 874 140 156
801 404 241 556 584 262 730 336 567 485 659 62 680 510 397 559
340 789 609 170 536 99 650 757 626 503 625 85 895 416 670 563
637 520 115 219 317 322 68 207 86 167 434 118 146 788 631 455
580 914 877 0 487 612 784 688 747 720 223 919 719 975 274 177
851 261 541 379 803 21 508 607 987 330 892 960 426 992 222 722
10 687 820 463 570 997 907 767 369 370 473 714 632 343 302 865
561 360 309 660 220 313 373 826 324 853 310 884 443 145 548 212
499 968 8 460 684 721 770 120 555 588 175 367 733 276 864 870
392 888 388 800 257 856 19 542 506 782 124 59 545 24 297 49 821
415 109 7 843 549 565 575 227 41 331 172 