595 512 423 510 777 18 688 611 46 714 945 747 812 872 754 184
458 947 870 8 365 527 282 347 224 121 664 476 437 460 911 21
644 892 602 553 53 557 561 503 991 819 843 7 29 916 357 118 584
959 215 681 320 581 901 671 198 76 904 909 462 738 1 151 106
989 536 96 208 585 740 751 226 396 411 427 848 79 776 126 349
144 123 642 695 461 936 676 805 452 482 534 314 258 494 753 201
590 525 831 249 157 639 864 409 783 605 189 276 560 39 683 115
655 61 148 352 934 5 451 955 924 555 318 196 85 628 54 271 748
286 935 190 895 22 763 680 612 587 363 180 857 236 303 859 55
862 133 419 316 886 515 544 982 631 663 403 284 679 38 211 517
968 111 493 823 465 470 434 706 907 311 94 919 27 313 378 