171 111 922 142 977 486 669 314 653 120 395 19 226 367 529 891
995 692 887 596 186 135 437 874 70 641 462 127 110 393 863 285
643 30 782 770 546 268 620 61 534 320 472 82 930 21 595 121 820
857 325 910 488 100 539 803 446 273 877 323 633 90 189 994 431
2 214 112 288 926 937 602 391 724 101 700 104 299 928 354 520
936 870 147 407 249 264 201 670 617 716 932 818 960 392 279 128
781 592 156 899 714 119 625 732 417 738 648 666 245 338 821 564
468 271 749 48 252 155 886 907 875 207 841 783 918 52 570 949
178 102 696 919 567 132 494 674 312 267 603 506 793 476 558 365
778 684 854 241 63 693 951 719 865 702 771 982 480 645 341 261
946 976 522 328 50 495 503 278 553 