675 781 747 321 117 820 257 528 140 758 817 635 494 378 713 562
627 782 556 609 479 951 540 868 520 211 524 903 426 281 109 982
872 492 905 76 768 767 669 518 648 241 10 74 734 61 225 270 364
980 593 189 739 469 9 185 324 393 597 829 598 319 973 569 323
560 455 15 637 37 931 409 437 359 470 792 998 888 726 449 842
672 527 367 273 824 655 599 886 69 279 743 723 999 227 442 529
206 451 198 188 196 519 435 214 333 716 830 554 207 967 247 899
271 212 40 252 878 287 250 668 688 309 244 660 138 158 180 776
285 698 744 803 365 94 130 897 616 164 825 969 272 506 501 947
286 147 32 917 704 369 310 790 759 848 783 603 170 370 249 934
348 846 340 857 636 722 855 317 596 210 11 179 395 847 850 471
441 459 577 262 312 841 735 978 683 496 172 941 49 617 335 