530 928 215 49 925 547 316 796 927 335 351 593 250 500 112 353
524 795 468 887 721 277 815 229 170 507 427 865 289 648 87 173
899 116 235 423 37 255 569 861 216 274 571 249 982 144 253 23
673 75 718 165 3 549 54 133 557 465 888 703 830 896 191 276 56
212 227 154 347 126 251 933 634 19 242 394 406 15 460 494 153
17 984 167 418 658 141 978 434 333 146 433 279 684 236 64 996
200 318 587 508 611 325 841 540 864 671 803 964 317 387 97 139
89 705 484 797 733 729 599 400 232 652 404 862 676 598 632 748
161 621 441 305 677 168 69 700 894 536 826 932 627 304 947 218
786 498 724 182 846 290 202 651 692 903 136 155 396 802 436 118
349 661 767 639 758 997 952 41 525 58 475 640 842 760 411 129
591 310 908 662 178 707 782 392 321 314 672 666 810 