172 748 892 600 963 646 449 489 416 936 106 451 217 817 514 811
440 281 578 475 209 629 295 918 390 241 988 639 79 655 143 264
857 379 236 784 853 0 727 352 258 444 986 740 14 656 227 660
672 862 647 491 486 812 998 680 124 237 16 845 24 624 384 312
561 604 62 240 747 553 897 807 580 46 810 394 65 388 266 959
601 66 9 290 170 371 456 423 255 838 769 108 392 28 83 997 610
627 243 785 792 773 751 863 677 734 191 796 211 506 463 766 556
971 743 884 221 399 711 246 737 74 380 56 793 567 615 232 89
835 29 651 202 244 929 563 203 753 405 948 539 588 45 841 476
26 113 555 348 939 507 654 495 758 607 786 928 287 391 544 554
398 97 865 80 357 577 59 331 665 757 132 520 193 116 52 224 356
210 829 754 699 300 532 521 144 245 326 294 678 465 297 