744 261 64 542 959 705 445 306 193 636 229 553 625 991 363 589
527 323 984 682 491 328 427 351 765 810 32 434 366 972 528 752
555 716 471 826 538 300 968 78 483 605 23 662 24 864 70 955 745
144 713 133 425 608 459 170 447 98 161 524 702 465 750 948 530
728 38 413 710 775 81 814 774 782 304 34 327 264 361 676 857
753 451 120 648 244 603 87 813 446 20 128 15 681 985 734 923
206 837 182 130 136 546 388 604 768 966 599 100 809 341 164 250
954 420 979 142 137 847 729 943 48 406 988 127 529 310 324 788
577 410 584 932 915 430 160 93 212 536 357 12 624 801 969 586
641 878 398 901 59 792 829 159 7 892 523 727 214 394 45 562 418
57 104 992 384 2 454 785 944 819 