695 678 34 190 428 505 904 153 170 480 547 371 643 362 145 367
117 172 126 846 479 235 323 763 559 746 893 649 883 171 383 46
923 615 390 563 73 397 954 87 66 867 473 942 863 943 305 330
511 466 764 680 648 113 115 591 55 921 777 929 225 279 296 754
163 951 606 94 519 848 994 506 142 253 653 894 405 232 689 582
301 450 973 391 152 307 438 850 514 311 508 185 683 627 144 710
414 933 776 595 103 475 404 230 196 539 135 759 411 826 106 639
702 887 216 789 962 918 92 61 934 902 900 309 886 651 982 868
471 75 8 502 257 795 799 860 223 922 899 236 477 498 998 896
68 857 442 280 107 875 329 237 666 291 389 378 111 739 238 286
246 501 129 266 360 239 535 90 884 41 828 668 434 656 269 949
534 276 847 441 662 716 805 186 243 254 364 445 211 625 491 31
690 102 632 549 128 660 385 125 