282 124 51 769 436 166 325 977 696 873 397 439 806 898 188 261
853 875 800 840 98 3 2 749 899 281 779 537 906 828 6 24 434 159
536 833 784 277 574 248 244 529 195 591 375 676 763 755 539 617
10 77 509 341 182 598 350 471 804 891 502 761 682 870 163 194
460 145 608 152 310 791 714 329 565 634 704 571 542 222 443 501
678 473 781 246 299 480 919 964 424 388 15 785 349 820 315 138
770 844 156 207 69 751 850 731 972 942 807 472 762 142 871 308
822 910 817 768 611 625 936 993 802 23 476 422 917 971 417 343
949 131 192 45 481 367 450 545 393 47 732 974 396 902 958 387
966 799 95 924 428 615 612 354 607 58 39 881 745 221 41 21 982
356 759 81 479 928 956 733 285 789 736 432 782 528 660 861 180
60 524 120 908 551 374 365 512 228 544 378 836 40 939 630 758
520 927 347 661 610 948 