666 857 813 76 163 182 107 329 800 448 288 242 156 806 640 908
27 339 78 173 391 772 261 830 457 981 179 260 7 502 459 306 736
289 686 503 590 767 634 576 646 34 672 635 219 292 860 934 460
11 195 206 440 134 745 798 55 796 859 21 829 124 403 771 704
932 342 279 547 46 911 919 450 609 557 921 591 769 971 228 713
582 703 373 374 52 694 320 424 803 284 746 838 501 935 95 110
638 558 131 629 756 316 50 536 626 17 331 376 513 392 679 555
837 9 597 734 469 353 295 861 840 492 286 58 84 810 770 69 996
214 550 532 212 486 828 246 525 139 152 32 312 938 44 603 823
187 682 434 773 542 252 749 931 265 808 565 992 397 724 300 116
883 478 35 554 788 199 812 113 93 835 278 723 979 350 881 468
648 310 688 105 807 985 413 426 146 791 166 751 191 334 545 92
472 858 354 153 643 262 