48 782 123 682 68 717 308 940 69 838 591 300 447 914 725 307
43 894 501 900 128 552 562 565 18 199 427 554 845 325 903 772
192 170 896 125 525 63 279 877 112 441 657 302 163 694 339 605
503 839 842 488 606 103 794 130 403 371 460 835 792 514 148 92
319 635 587 27 30 448 382 255 642 341 75 287 124 39 766 169 378
35 108 683 946 258 353 959 857 704 756 856 974 297 545 90 673
830 49 402 143 86 432 536 563 383 589 178 306 662 446 738 499
505 763 189 185 376 599 512 2 481 268 761 943 391 401 678 848
362 52 38 483 629 670 541 617 351 264 805 916 64 495 658 444
608 851 183 533 89 79 543 452 551 919 476 439 723 879 428 876
686 936 151 713 878 138 787 966 547 790 668 915 548 425 866 786
855 120 455 289 693 697 631 437 