688 802 772 650 142 242 548 248 335 460 803 210 308 756 943 179
723 973 713 719 484 28 180 23 550 790 403 476 900 510 156 974
221 916 251 882 953 840 611 80 0 544 808 557 365 466 670 91 746
748 330 496 294 177 731 1 780 782 414 722 312 761 786 854 499
806 945 68 373 775 738 204 695 669 880 716 457 198 595 316 627
951 9 878 155 857 838 583 435 359 266 580 535 750 11 453 862
255 239 936 607 241 218 404 211 150 564 795 765 152 890 89 410
106 522 127 634 950 422 672 118 853 524 692 736 321 487 612 315
78 55 918 84 800 455 320 306 568 588 502 886 121 824 610 22 379
332 783 961 517 104 399 833 635 396 8 889 962 614 442 846 34
686 593 834 12 739 2 297 925 393 526 471 534 176 947 689 195
386 764 816 231 258 220 481 368 299 67 935 174 968 212 