193 65 828 149 568 508 5 799 434 706 371 178 789 518 381 436
138 826 156 811 998 916 369 985 275 686 814 181 344 31 541 851
421 151 168 769 345 449 504 507 75 96 859 500 726 402 289 147
785 731 252 132 533 625 684 852 280 670 418 372 467 46 210 254
319 936 745 909 807 734 90 682 878 175 322 128 106 268 465 148
697 328 207 879 593 259 488 712 281 747 703 481 649 82 716 624
996 894 613 511 37 240 975 539 203 971 208 19 888 158 267 860
926 831 714 339 23 559 218 475 717 349 255 296 146 501 808 795
234 450 707 13 186 506 519 715 393 603 233 820 553 202 790 407
675 370 29 359 978 900 257 654 608 861 587 818 855 253 758 172
862 459 413 200 965 174 836 959 779 130 602 812 907 78 819 222
25 276 463 