251 145 296 243 102 972 967 324 906 234 839 606 895 335 133 420
538 632 309 418 1 815 812 238 904 579 763 405 372 367 165 548
15 554 211 872 103 591 504 857 108 769 58 463 457 640 270 487
82 731 81 337 304 477 733 442 608 585 777 944 728 572 63 825
999 277 960 597 188 6 508 616 419 220 808 770 726 691 680 578
621 22 141 382 203 709 179 864 327 610 297 704 13 431 791 915
748 322 964 594 828 176 391 258 426 867 981 860 924 174 909 760
473 445 210 4 436 227 181 589 455 91 897 422 333 794 500 887
826 481 279 556 537 113 428 130 953 631 912 571 595 543 749 403
908 329 5 100 484 527 802 655 288 444 218 86 862 449 348 98 573
932 291 609 0 