161 317 378 714 657 321 579 30 498 167 69 717 509 79 974 38 998
503 302 932 704 389 487 768 825 688 956 138 420 53 76 50 6 229
991 282 340 376 926 123 175 465 718 211 659 708 914 42 600 43
649 55 694 566 139 228 823 10 546 957 264 220 706 511 535 430
622 432 692 290 273 210 613 835 35 792 250 845 219 431 522 942
644 320 425 651 117 279 818 731 405 638 207 46 515 656 545 398
518 295 561 635 610 670 49 400 701 339 477 961 52 716 413 581
100 587 83 101 149 85 884 840 307 905 935 354 245 593 541 408
712 31 938 66 642 168 609 70 973 682 144 345 958 106 454 182
355 709 574 505 687 485 551 954 460 269 270 197 456 794 213 375
922 866 