744 767 953 502 286 299 49 91 702 769 877 640 804 990 283 110
520 347 516 782 337 532 649 45 413 2 915 975 11 353 889 238 912
450 627 625 397 131 957 825 290 199 629 652 176 554 93 162 427
882 95 487 951 443 541 61 644 544 827 64 23 68 25 40 926 823
441 118 269 738 751 358 485 143 905 723 73 363 252 826 962 788
221 578 208 741 473 274 310 88 29 739 499 692 478 646 452 83
810 761 123 89 662 781 474 983 881 728 392 638 861 60 722 258
932 538 855 402 319 312 9 753 127 459 599 304 949 903 683 679
811 571 43 603 233 90 22 204 424 483 946 697 345 166 713 84 562
62 668 574 530 537 189 899 968 848 947 372 808 267 918 146 674
0 542 398 98 869 100 931 56 821 552 472 395 107 400 