355 959 166 373 442 461 920 274 472 488 702 926 307 762 24 499
837 168 462 728 482 746 237 106 584 692 31 425 350 861 471 796
703 727 52 481 669 764 433 823 814 615 551 527 753 994 124 628
623 398 570 785 14 603 37 297 411 996 604 161 486 404 13 696
917 869 90 317 757 283 111 591 390 107 647 303 671 786 531 864
533 155 747 361 443 737 705 588 981 933 391 792 830 68 130 592
973 489 684 871 163 368 761 298 36 17 60 690 104 593 279 483
979 475 748 553 749 682 287 870 701 660 616 469 872 327 578 300
652 403 378 918 395 286 304 924 261 187 980 562 617 432 202 902
323 953 112 35 906 686 790 818 494 291 700 347 659 272 192 375
87 874 718 245 787 213 724 95 385 695 797 147 859 858 819 99
758 117 523 