697 496 916 798 153 979 264 588 633 834 133 304 959 574 921 671
30 182 754 996 17 815 142 585 519 781 1 426 861 498 625 2 455
134 866 850 505 111 703 378 569 648 611 128 491 898 114 90 803
501 171 509 289 253 622 23 26 755 729 499 816 718 392 723 561
298 520 195 369 752 714 783 273 568 774 196 63 246 975 188 862
515 870 126 372 930 380 753 628 27 292 508 699 479 724 990 656
208 669 733 201 944 32 566 960 398 71 738 493 972 410 480 86
532 257 675 303 276 896 113 616 120 845 964 487 118 396 736 397
129 186 366 971 434 942 8 255 406 576 948 543 75 35 984 835 419
174 575 140 143 358 388 544 899 278 637 456 954 810 673 38 231
999 710 994 619 926 895 21 655 483 384 867 476 119 657 695 444
503 317 691 267 322 381 105 