978 678 755 547 608 147 209 1 752 117 786 594 660 165 12 581
161 690 938 383 387 564 790 597 116 843 609 528 234 604 22 647
178 533 494 122 858 716 965 168 934 307 971 198 951 230 994 643
706 491 35 852 427 703 718 358 405 69 164 985 414 227 233 84
779 870 556 705 772 911 185 702 243 417 103 542 401 429 108 768
574 473 386 620 130 537 481 505 216 332 605 224 308 961 480 355
294 442 800 732 818 506 860 693 486 52 102 922 614 146 90 593
742 864 368 740 590 115 982 906 65 754 63 496 317 83 189 616
101 428 301 981 408 923 794 445 416 43 540 637 943 840 750 219
525 603 712 436 791 756 977 50 665 207 902 3 457 536 553 688
392 389 889 454 374 248 569 16 731 51 511 741 797 157 586 869
276 926 203 497 226 205 477 689 606 969 836 490 925 333 