63 532 866 954 455 972 7 690 601 298 62 178 277 663 714 977 993
521 290 598 467 859 9 692 168 849 600 762 408 990 934 411 868
379 395 465 345 665 834 319 4 988 761 71 191 790 73 397 2 142
928 677 864 940 769 308 284 516 684 661 204 453 310 560 588 146
514 597 115 921 637 38 987 831 683 478 628 874 618 880 494 957
396 370 366 927 402 241 958 668 538 309 855 330 901 594 491 283
970 194 0 350 705 846 808 407 189 328 123 719 608 5 635 159 400
119 90 419 941 947 305 56 175 117 337 145 139 31 700 426 740
94 903 206 672 728 76 933 394 697 313 800 923 777 638 70 732
976 961 466 802 643 141 252 787 689 270 471 570 42 579 681 464
135 771 682 842 886 136 247 753 79 221 249 245 653 701 905 428
320 470 629 914 380 550 217 873 354 949 966 826 28 353 429 287
255 742 893 60 289 603 973 