643 480 54 780 293 919 229 375 205 652 140 762 678 156 438 232
289 417 974 409 7 964 9 498 859 802 152 864 943 524 201 637 379
430 377 904 109 145 870 983 112 92 690 219 188 325 286 601 739
603 816 925 699 877 609 426 483 26 927 130 907 702 326 146 261
624 798 56 332 838 230 162 685 425 781 121 484 298 578 12 122
518 608 285 252 278 714 473 493 721 953 740 558 921 860 821 681
470 948 279 39 319 683 955 335 259 636 808 520 752 810 228 746
336 71 905 718 736 99 822 591 701 405 168 517 677 348 975 723
504 116 672 747 271 823 567 527 139 811 194 414 305 73 299 64
207 61 284 728 3 397 301 225 671 80 399 376 774 445 937 312 217
738 249 716 598 666 41 807 387 329 985 773 240 958 836 794 523
