111 158 333 863 109 993 351 133 958 831 248 491 514 70 747 743
518 330 49 917 897 681 790 120 801 18 507 742 655 321 154 861
138 758 827 145 786 724 355 265 557 181 226 761 568 81 946 229
139 264 598 452 373 192 860 100 710 211 69 756 923 937 38 539
666 559 85 764 487 151 705 774 608 741 157 103 10 654 738 644
765 697 372 64 377 564 291 909 225 906 328 824 538 272 662 678
770 312 97 814 131 275 931 420 840 867 477 819 702 427 315 126
440 288 972 59 313 280 231 749 711 795 720 243 130 833 787 416
398 421 771 674 912 68 207 434 278 152 577 437 395 636 722 510
332 143 881 682 92 706 125 650 535 267 686 997 665 808 551 648
209 607 823 34 569 911 141 894 39 281 975 842 223 902 605 409
532 469 505 371 572 127 201 695 483 679 393 