914 992 292 560 332 823 705 246 309 290 554 499 620 223 102 71
942 867 683 933 236 759 799 794 117 739 652 923 23 967 370 120
830 886 815 693 611 213 26 766 612 995 728 642 606 468 487 396
813 365 432 543 76 367 252 448 258 895 361 346 672 401 482 623
489 920 582 733 130 38 259 400 785 354 189 827 170 798 970 950
173 73 238 491 859 313 140 320 305 340 893 112 533 15 371 951
918 98 784 670 198 9 440 121 987 540 363 801 531 834 657 567
993 965 47 334 52 342 318 497 281 70 219 183 24 328 143 882 445
764 756 641 999 937 712 828 471 584 344 413 376 195 514 385 97
517 833 725 685 435 301 402 795 449 187 674 588 869 148 706 13
391 20 414 545 200 806 53 270 417 62 625 740 658 67 916 327 954
755 884 935 134 736 108 590 