248 625 43 772 767 488 492 130 167 714 339 415 661 514 950 212
401 173 803 564 677 317 965 171 120 290 855 493 78 490 789 465
969 316 22 698 163 943 208 66 600 508 565 385 975 946 942 420
536 501 846 195 776 908 140 231 341 585 343 495 665 731 926 907
32 500 897 250 372 981 79 286 893 437 111 287 765 619 904 268
785 896 727 898 271 299 499 235 512 137 252 680 605 297 82 930
555 302 318 556 580 263 119 373 562 97 257 194 694 446 369 920
462 768 485 61 427 288 832 31 184 977 371 726 592 992 469 723
651 578 745 481 760 472 62 914 836 486 956 254 919 0 292 575
968 269 49 186 338 557 735 641 46 13 29 36 700 206 315 617 285
113 247 178 820 672 193 230 182 441 114 649 148 408 507 458 44
561 463 365 664 451 643 293 