616 377 915 243 947 824 411 573 680 814 412 967 988 776 267 179
382 480 299 282 63 612 576 899 436 518 906 167 788 555 287 261
392 812 191 662 883 704 25 440 548 296 252 207 494 321 531 407
648 467 484 712 892 979 816 125 855 587 308 164 403 367 332 596
795 368 683 968 65 389 770 336 497 118 509 309 686 469 303 113
86 68 257 18 563 661 115 566 940 183 283 489 450 350 274 151
589 942 23 835 476 447 273 987 634 123 542 465 291 396 199 508
507 803 247 583 959 266 656 208 890 188 944 838 779 813 950 319
745 170 948 842 327 773 478 673 281 181 597 492 545 878 0 689
585 627 775 900 135 67 657 646 819 858 70 6 95 280 977 16 182
558 526 455 427 431 269 547 677 865 867 256 817 825 595 90 264
311 