18 170 820 248 410 368 344 779 785 312 462 502 860 964 812 532
253 81 808 985 710 168 288 760 367 989 192 338 166 297 33 602
510 525 934 755 743 800 585 700 471 310 228 704 733 473 729 718
852 554 153 685 259 225 324 756 215 963 302 519 518 407 491 649
708 962 404 184 221 972 787 171 884 895 115 220 177 618 797 540
798 569 408 804 461 154 378 737 362 361 204 841 304 98 157 776
73 281 279 952 939 666 327 321 772 506 508 10 928 650 196 754
485 176 725 630 946 656 957 271 660 9 605 122 555 426 707 173
730 960 973 586 944 789 109 976 746 289 893 661 584 668 678 88
82 599 178 961 298 501 979 539 589 987 412 254 43 428 719 180
354 197 821 96 26 713 839 967 571 313 146 714 593 953 905 353
418 32 786 505 105 100 2 695 3 597 438 141 293 348 929 937 326
167 