457 137 311 566 493 620 614 260 960 456 45 184 71 341 38 268
397 380 732 833 362 984 917 527 281 355 611 424 520 634 798 994
534 847 937 72 410 990 783 192 94 804 678 444 358 622 443 503
660 325 85 796 259 962 806 146 716 807 130 321 887 283 470 989
452 950 227 836 583 218 573 477 787 871 347 649 559 909 246 823
508 12 23 741 460 596 155 795 562 204 808 958 728 862 682 921
996 414 606 602 924 156 373 399 160 900 387 777 703 601 918 126
65 345 704 621 815 300 966 378 209 363 93 119 746 88 711 625
935 370 773 805 200 828 455 161 635 423 782 490 418 840 593 797
438 203 531 287 522 794 685 524 433 98 364 946 767 426 420 690
860 700 340 118 877 383 675 981 979 190 565 995 878 648 407 299
138 610 666 367 942 461 106 563 543 753 144 488 6 769 632 59
683 