597 951 37 77 588 371 396 103 916 339 827 813 875 149 944 598
444 635 402 981 443 165 896 38 650 534 663 577 755 434 524 850
759 306 725 580 151 555 369 120 412 293 610 752 952 862 307 489
582 982 502 246 794 717 116 450 222 805 914 567 543 901 285 98
327 894 193 508 830 533 991 826 126 968 971 140 606 81 798 447
976 225 358 360 241 432 886 800 239 719 221 731 79 941 549 456
200 387 928 248 749 979 672 594 525 115 160 476 659 118 608 58
478 973 451 245 289 117 174 343 625 267 506 61 925 722 74 99
206 411 881 992 484 620 829 389 14 953 905 249 189 49 846 831
912 947 454 517 936 138 743 639 438 257 812 273 283 310 784 950
791 613 806 842 416 545 926 275 446 839 887 629 820 345 96 804
688 147 367 304 695 919 403 218 60 441 177 341 932 294 224 243
296 