12 233 70 979 193 430 537 574 912 80 913 893 965 480 974 615
953 933 308 344 435 899 43 964 316 807 619 646 109 320 220 794
397 946 93 189 360 201 337 22 490 799 688 409 351 192 140 411
432 191 652 63 566 484 944 942 79 7 29 529 129 210 981 416 539
248 429 150 598 380 454 724 362 771 213 960 16 915 24 264 587
710 679 881 358 886 543 938 313 719 804 797 596 292 940 87 119
203 365 267 488 746 241 386 243 984 179 966 726 723 751 672 450
125 45 34 319 555 713 888 51 514 875 557 352 496 304 811 611
583 273 194 417 325 452 260 558 995 702 627 520 603 15 958 82
590 196 636 969 357 739 675 493 216 779 317 451 836 825 104 516
559 263 725 447 889 693 354 49 412 584 214 212 922 