882 40 101 878 532 747 487 425 339 128 799 45 512 602 284 517
499 530 709 287 641 736 379 132 235 768 305 189 557 478 789 471
216 968 823 169 710 304 451 771 568 198 70 604 868 919 338 871
63 988 118 909 845 767 92 67 171 448 813 938 846 798 516 121
124 138 445 637 839 393 225 820 940 107 671 617 753 592 961 519
766 308 627 466 848 575 723 861 484 514 4 103 359 689 890 259
495 614 967 566 404 815 382 481 267 199 244 162 683 927 10 273
985 367 234 188 74 78 20 333 157 963 916 782 41 170 215 391 80
342 176 814 302 33 907 548 849 60 336 810 734 129 89 754 263
834 979 283 545 764 55 7 559 825 318 529 935 166 255 100 355
899 749 634 943 288 174 97 806 344 680 440 554 395 374 266 893
446 851 836 727 793 511 224 874 956 737 232 804 