880 724 805 361 873 234 243 941 911 913 315 170 254 495 529 773
907 298 430 790 131 816 59 746 129 978 661 18 154 453 240 86
846 741 284 101 682 727 696 26 863 523 543 570 648 491 88 409
290 68 677 405 679 232 680 512 827 34 307 539 117 444 3 29 768
789 909 738 966 9 7 910 933 400 61 518 281 530 394 917 169 39
257 636 645 535 472 439 731 99 796 686 366 685 874 372 651 556
369 730 820 638 70 673 735 715 214 668 945 321 173 340 143 263
466 916 864 706 12 84 552 808 851 496 278 83 25 586 959 314 140
58 432 410 538 515 427 291 705 338 995 963 783 118 310 82 487
850 943 593 490 178 112 287 849 955 859 111 293 948 469 840 114
279 602 612 792 13 813 246 862 251 365 180 774 388 2 583 383
961 998 989 782 436 606 906 407 930 625 595 32 408 786 125 610
613 988 336 50 133 401 295 