667 966 785 676 333 726 856 248 559 325 479 648 767 351 687 928
837 272 164 226 983 465 727 680 207 709 571 992 151 969 65 584
749 342 55 973 509 750 52 422 93 497 843 405 911 588 653 204
788 730 563 738 322 880 630 665 867 799 548 454 329 899 993 554
482 419 776 295 850 898 145 541 264 878 834 241 875 540 865 896
404 56 202 810 344 147 255 906 901 719 558 844 410 437 862 808
219 552 562 546 722 514 953 832 660 863 70 169 838 674 409 300
478 9 107 230 818 981 698 263 555 97 112 356 595 474 908 879
210 105 395 640 842 284 797 753 429 94 268 907 902 542 658 822
165 471 489 512 632 35 83 819 81 669 383 156 913 357 629 442
389 686 556 293 391 847 53 246 826 685 74 864 712 695 144 547
103 812 2 99 505 312 937 851 6 265 498 662 456 539 587 382 619
451 59 895 278 809 348 363 459 820 