320 549 978 599 308 944 316 619 905 868 298 123 582 728 892 209
164 496 265 248 930 46 152 817 69 39 501 608 755 341 947 371
589 693 238 842 957 709 542 198 146 684 591 824 381 139 88 921
932 994 24 113 604 541 870 520 217 807 552 652 43 663 208 962
886 195 778 818 223 844 576 833 831 87 862 490 676 806 441 999
961 404 264 422 360 403 782 351 163 150 352 373 721 596 480 852
612 654 856 887 190 593 796 743 284 44 853 20 454 147 632 177
592 172 627 548 983 531 80 402 409 231 275 365 329 828 10 452
311 354 466 305 344 565 805 942 950 250 701 127 515 122 406 967
34 754 270 54 611 920 18 407 464 569 151 256 665 855 66 699 76
738 765 254 