334 85 382 922 73 778 887 953 32 67 839 765 524 81 865 114 764
541 653 177 612 814 397 186 816 924 450 462 466 702 96 916 712
549 888 477 772 529 339 214 979 168 561 378 125 355 368 739 340
940 399 242 352 713 911 963 947 661 693 869 406 469 241 914 255
277 435 379 343 253 359 137 679 193 981 443 643 851 884 885 602
282 694 641 973 895 539 117 176 863 534 238 407 593 192 558 618
369 609 481 648 468 360 269 931 200 607 976 619 802 384 956 445
959 482 12 74 546 673 415 496 262 22 429 300 392 322 504 55 684
639 144 285 550 997 763 776 222 991 416 40 600 605 80 821 553
245 669 545 728 741 970 886 774 595 163 840 335 928 239 499 280
472 810 823 419 898 213 994 872 882 937 491 698 873 881 942 86
755 915 537 675 143 493 118 509 240 