908 187 17 912 960 432 220 201 410 731 858 287 743 486 296 793
366 101 265 375 923 986 416 601 27 586 708 312 714 906 305 522
861 689 844 666 125 237 813 28 369 750 815 955 893 253 347 271
827 897 176 122 567 754 126 990 999 88 37 608 175 213 329 93
533 233 476 485 720 758 837 274 746 696 948 159 501 957 633 24
472 565 773 448 130 639 998 451 918 496 712 462 691 545 349 9
128 138 944 673 569 668 674 332 726 884 121 742 352 584 629 57
593 405 663 530 975 604 783 692 104 498 191 690 940 177 165 876
770 251 169 626 929 447 568 267 482 979 874 216 228 351 285 31
817 65 42 386 127 942 241 434 35 853 922 356 959 792 972 962
80 478 144 555 422 248 135 446 326 464 654 777 557 907 590 895
221 257 461 488 745 808 95 140 625 904 963 74 649 112 924 628
769 290 862 55 935 978 299 301 474 