292 363 11 481 631 713 436 499 119 445 543 767 48 33 833 324
427 83 778 52 533 4 574 803 164 595 281 327 659 557 780 272 653
95 139 98 306 496 547 248 635 983 718 603 286 401 420 626 566
777 893 930 5 806 880 895 944 468 45 349 684 399 177 727 429
954 489 968 702 810 160 144 123 122 927 328 583 764 773 956 453
588 189 934 417 450 334 772 722 182 868 509 127 967 94 275 736
73 960 333 394 602 662 342 31 746 514 598 397 376 553 163 516
215 667 308 805 548 924 434 580 710 424 310 140 854 354 556 494
751 842 222 527 686 802 966 382 896 46 795 758 266 812 923 463
636 146 361 259 645 317 115 726 592 312 60 885 421 976 125 23
69 646 890 70 44 469 42 316 166 482 613 129 165 141 347 126 470
825 517 668 737 