662 857 161 991 296 720 180 116 414 554 939 487 201 537 587 900
356 6 373 777 521 632 123 821 147 192 436 507 387 600 177 453
106 200 929 736 5 814 512 678 581 345 270 227 305 11 575 456
545 492 418 706 422 840 300 459 18 138 800 140 282 785 319 145
253 426 684 548 99 460 557 101 415 962 399 559 506 230 475 434
115 934 719 289 121 860 504 966 334 242 188 276 142 104 2 359
645 766 633 878 144 164 262 889 232 933 117 593 119 620 637 927
68 328 924 794 62 134 741 602 129 892 561 768 333 43 431 248
783 880 898 535 240 58 817 308 411 845 105 133 598 531 799 370
866 811 852 406 393 745 167 254 290 614 486 972 809 733 868 474
874 652 199 306 139 550 790 787 946 859 680 202 60 146 246 