483 967 757 10 179 186 835 858 265 460 103 197 687 200 292 409
68 936 765 689 900 829 421 79 136 841 572 72 709 480 361 547
382 376 479 666 514 645 522 75 171 771 208 271 147 319 750 786
60 510 207 540 966 322 729 419 826 383 590 884 492 620 809 100
457 262 904 951 949 521 691 573 568 353 396 965 910 769 520 749
338 35 237 997 970 120 232 991 384 484 843 101 176 728 121 609
593 637 448 727 831 759 285 913 360 109 669 85 758 665 659 636
797 139 575 41 673 45 142 646 40 201 423 481 509 257 129 571
823 946 887 406 588 454 814 973 945 243 873 36 594 921 283 944
267 128 13 306 993 878 925 15 801 496 57 923 355 356 972 746
488 984 372 209 626 842 155 954 