63 209 48 134 237 589 92 203 854 569 983 377 945 841 143 599
154 13 514 720 404 803 642 467 449 23 142 258 516 29 296 580
699 444 807 512 295 32 908 554 762 700 202 610 362 313 411 873
946 603 112 785 553 948 59 120 768 461 691 437 493 433 475 831
688 314 116 236 473 478 883 877 175 272 729 543 577 484 597 103
117 430 576 176 629 655 855 959 101 459 49 978 982 993 30 541
335 591 55 375 770 711 312 146 303 709 773 497 252 61 680 944
161 600 551 824 291 212 391 728 6 85 213 222 36 692 529 269 899
935 170 106 575 887 846 88 482 822 259 96 612 177 231 500 343
188 590 924 759 19 229 289 562 884 677 757 503 455 518 157 792
560 969 507 961 271 856 207 330 713 422 817 568 733 499 169 778
215 83 498 321 687 260 424 334 819 910 585 419 513 1 470 942
666 670 413 645 749 