428 885 224 879 319 309 325 896 65 420 524 715 301 568 405 27
615 212 802 643 589 172 483 534 352 697 493 354 351 500 907 704
969 480 97 338 511 797 843 436 175 88 285 734 681 427 118 793
655 148 673 472 323 997 958 914 587 828 974 143 830 960 956 760
318 918 228 609 461 571 833 266 356 9 777 345 755 933 928 71
645 469 832 603 989 260 915 872 311 328 993 666 430 527 104 261
795 109 847 668 490 516 370 594 692 771 239 770 724 283 294 305
246 640 252 953 675 701 247 542 693 626 664 55 886 216 972 810
740 894 455 424 783 769 308 214 922 849 484 963 479 488 942 423
617 716 496 7 222 605 611 391 330 723 4 383 80 507 152 259 904
512 268 525 329 986 326 683 182 95 365 825 955 394 699 68 346
840 509 122 135 884 978 560 407 908 332 804 116 778 410 258 906
684 