652 633 763 451 81 348 221 503 852 556 568 744 820 386 516 485
18 286 11 559 860 448 156 967 542 904 833 837 168 131 507 597
490 95 253 435 704 826 694 712 133 482 932 351 350 255 210 337
211 38 960 927 696 2 678 517 423 582 747 294 366 592 821 842
119 297 20 55 518 931 685 270 840 924 109 64 48 567 360 396 937
855 550 442 151 84 191 564 439 795 265 715 432 217 722 355 956
954 198 183 802 116 819 664 585 711 710 859 546 96 965 68 738
100 399 808 702 725 299 113 949 510 267 358 584 287 361 690 629
449 230 236 421 312 344 782 764 707 772 455 13 486 788 308 389
239 843 347 970 912 574 263 920 777 415 683 822 612 919 231 847
377 987 935 599 941 114 680 280 718 387 33 199 508 446 569 497
538 519 170 730 570 105 273 186 82 661 925 145 977 