157 477 204 862 445 506 877 294 991 824 128 147 118 69 500 926
576 454 714 993 89 272 833 490 562 514 906 403 960 731 249 604
934 800 538 878 175 82 125 752 327 429 462 406 407 519 338 64
39 92 682 650 629 512 455 390 552 503 358 857 808 72 568 890
344 432 268 484 978 276 464 247 379 231 492 250 620 754 78 310
729 594 370 210 67 578 487 120 422 491 166 517 521 52 969 566
998 781 482 246 527 656 622 888 142 664 328 27 346 722 685 511
90 496 523 971 812 447 267 846 990 61 70 765 540 203 22 435 23
943 437 946 10 371 897 473 152 889 274 734 104 616 773 801 788
160 575 480 296 168 387 466 550 97 724 223 398 543 770 749 596
86 581 341 258 756 415 686 283 266 281 964 501 584 452 280 925
257 153 136 598 605 129 614 743 149 600 542 922 96 900 864 