569 313 725 25 770 643 568 826 420 691 464 977 801 242 709 128
338 316 765 611 493 487 907 246 286 541 842 413 917 673 512 44
621 555 194 366 95 720 705 596 387 178 576 419 718 200 714 753
221 341 43 323 74 173 606 291 69 844 276 815 435 630 958 429
314 954 593 882 157 804 306 257 802 645 713 110 578 159 920 389
450 55 789 311 50 698 238 395 717 271 453 861 995 612 449 186
721 455 791 469 321 850 443 68 213 126 551 788 769 480 722 45
214 964 978 494 948 70 727 733 852 607 511 83 32 773 240 37 774
881 380 115 715 515 3 108 375 546 922 208 308 624 187 867 813
489 326 526 837 600 495 452 880 303 866 858 48 346 218 230 160
779 947 143 224 6 549 259 188 932 616 655 39 167 272 31 740 513
859 41 133 263 590 684 148 356 758 35 651 956 177 82 458 198
278 766 460 658 818 608 475 152 