96 720 526 753 899 809 955 721 350 595 843 266 121 315 510 302
79 832 454 56 652 785 429 892 487 442 691 437 394 232 317 177
759 355 886 458 230 627 122 146 381 578 820 878 994 271 680 986
6 694 263 119 917 944 140 161 361 275 514 301 253 16 83 866 43
847 466 193 732 857 969 388 468 166 824 390 397 951 966 364 143
740 2 561 712 485 248 594 229 316 585 260 446 733 907 639 758
473 234 53 490 810 796 659 187 75 529 413 180 508 648 451 74
159 264 155 54 589 572 799 245 114 38 616 702 777 704 191 943
218 48 605 464 327 423 268 197 841 716 484 898 157 20 855 615
939 644 674 402 199 967 978 452 586 783 538 646 609 803 790 695
261 623 68 57 663 235 567 895 31 528 610 171 211 433 812 544
332 929 4 834 482 292 