996 880 388 940 550 488 696 574 552 50 455 676 51 662 321 920
733 745 185 195 896 330 619 572 670 159 543 241 220 893 458 47
517 166 69 961 589 406 580 796 201 729 664 654 124 835 472 812
157 427 615 311 989 384 79 454 908 768 276 740 123 586 305 262
807 425 899 403 941 280 515 155 251 991 758 33 437 39 987 327
9 209 942 954 288 888 59 608 749 286 957 902 291 136 644 221
132 585 717 204 502 449 677 988 950 788 718 174 772 163 385 520
568 6 338 474 26 496 218 852 777 393 688 986 322 889 125 27 587
751 721 317 44 875 460 542 278 584 77 540 110 928 513 298 451
653 14 949 199 909 433 111 823 470 694 698 378 780 492 851 971
609 53 