226 892 758 468 858 327 978 271 899 394 495 9 189 199 600 141
520 806 273 277 882 362 605 699 689 351 918 128 460 917 72 434
591 60 868 655 898 40 818 293 161 439 219 109 76 466 442 796
766 611 2 498 512 253 194 946 681 332 377 330 739 502 875 29
402 866 183 850 861 797 82 238 404 714 709 257 426 210 216 337
548 103 288 669 880 300 50 785 838 937 813 643 894 191 653 968
674 650 359 751 285 692 66 22 211 282 769 98 556 939 302 615
28 540 969 547 318 422 427 896 524 49 543 441 205 449 812 510
821 614 10 151 656 264 903 944 723 902 223 844 195 310 440 636
240 448 44 81 57 382 13 63 984 529 581 425 75 889 64 945 315
135 