344 129 27 816 676 370 179 447 964 972 572 237 93 138 120 755
715 424 155 101 992 695 757 544 193 372 508 612 624 659 97 77
123 550 83 600 115 9 168 34 854 454 746 815 988 769 5 722 440
91 232 310 917 205 831 910 847 453 376 327 156 200 843 698 509
55 216 734 433 10 528 502 243 295 398 250 767 335 806 865 470
167 867 389 353 708 80 418 619 140 395 924 615 999 299 136 592
789 533 278 176 683 858 587 588 175 326 819 191 830 147 497 876
374 48 336 178 514 983 347 40 146 405 386 211 735 827 894 270
478 895 958 421 371 292 286 276 189 441 324 98 396 885 919 492
963 210 792 846 6 783 923 489 209 728 777 312 57 439 429 522
911 857 938 