258 368 512 334 114 685 115 394 881 725 798 868 80 132 696 919
49 805 731 706 887 346 972 713 905 142 782 453 635 876 136 832
630 55 815 893 602 593 430 874 680 727 154 483 274 941 21 699
816 547 457 603 195 438 419 759 349 641 93 875 785 267 447 883
185 475 535 60 211 43 325 171 295 413 739 645 966 638 608 944
228 754 990 478 431 681 28 508 359 462 454 720 866 486 364 340
482 116 199 411 119 797 56 651 226 718 53 573 89 531 175 622
690 989 920 440 810 220 612 378 637 3 948 523 366 455 693 466
231 579 480 8 628 548 174 42 733 410 717 456 448 849 451 405
489 661 435 769 748 864 737 225 734 561 506 852 549 189 64 655
191 