4 393 47 732 89 488 487 563 419 384 207 279 597 432 226 880 430
846 361 385 208 328 475 353 162 984 38 719 738 590 546 253 375
82 27 934 239 733 79 377 397 359 708 238 832 291 103 752 417
216 349 828 306 536 786 439 803 204 182 309 602 992 961 319 211
997 71 288 341 137 224 223 260 593 396 837 736 46 30 97 707 606
106 73 191 774 347 509 362 54 830 728 257 433 33 493 469 490
695 748 864 531 459 871 557 826 498 124 627 611 144 151 966 369
227 685 295 587 94 822 659 196 367 96 537 98 299 574 409 785
559 699 20 721 782 345 26 941 329 402 127 246 661 201 601 18
508 178 829 90 919 969 911 422 930 514 250 761 339 448 863 35
