735 573 133 343 919 623 461 765 978 758 309 553 779 606 981 339
486 782 749 228 551 830 245 647 653 276 751 485 244 349 848 530
251 178 279 254 368 511 375 732 965 627 211 25 704 672 307 946
810 115 250 365 639 496 635 346 799 59 640 229 305 807 23 931
182 12 81 748 670 696 30 95 980 257 993 591 883 152 223 933 871
592 575 296 995 966 323 654 464 525 716 114 286 208 881 450 517
898 330 831 897 713 849 131 438 910 442 581 738 135 726 819 372
923 125 499 476 719 644 31 389 209 363 156 44 162 28 214 328
505 369 399 582 488 304 199 192 535 768 118 249 93 264 22 265
175 757 860 269 4 796 445 947 650 231 904 33 578 374 475 567
610 891 706 382 40 311 954 149 96 699 465 147 473 561 70 274
969 945 752 880 876 261 912 563 404 426 681 163 153 936 116 487
630 902 863 864 253 