666 854 694 707 908 706 547 357 62 607 8 105 273 931 13 186 536
414 686 374 622 113 787 777 94 888 822 333 676 416 437 171 82
661 268 23 91 29 287 370 997 276 174 347 38 87 744 486 402 731
588 68 39 170 172 14 585 304 387 589 309 257 881 604 905 500
522 849 716 31 627 766 135 331 109 278 389 485 154 525 9 254
989 250 125 963 130 0 632 793 914 602 598 816 452 360 163 750
571 955 730 918 804 392 532 900 626 820 603 3 592 418 36 460
897 286 54 420 145 247 155 160 815 421 241 119 539 129 675 158
797 878 896 641 893 923 690 981 116 275 183 584 319 284 749 411
557 966 317 625 483 757 610 214 778 541 346 869 128 72 563 916
272 514 763 647 665 623 491 601 44 230 340 634 754 958 227 880
884 808 243 372 6 77 412 565 139 133 760 342 851 427 95 911 678
395 597 322 875 