176 589 929 408 243 364 701 457 23 739 894 997 782 527 995 369
159 688 447 357 804 704 978 532 946 798 686 387 634 31 898 71
520 578 194 21 359 233 365 114 318 443 994 156 828 361 87 81
183 537 327 484 924 17 165 409 339 153 988 844 246 553 70 558
875 489 725 491 439 765 573 306 290 482 612 41 135 1 263 927
762 98 824 410 980 605 698 812 121 974 986 321 681 953 827 338
12 334 6 22 826 86 742 624 608 429 505 111 396 559 284 286 152
83 430 454 297 124 790 325 129 108 870 240 265 984 721 757 345
651 916 773 238 862 960 915 273 192 657 596 91 33 495 488 575
609 868 957 794 599 80 47 807 631 5 733 472 764 127 970 270 629
877 934 433 350 282 912 479 340 554 19 976 668 149 115 374 817
833 102 601 281 845 519 837 386 49 499 547 164 95 216 