29 267 244 373 416 623 666 661 444 789 215 44 338 392 495 896
862 873 617 937 857 242 488 147 993 431 307 920 28 686 11 189
296 893 245 869 138 550 864 310 169 113 938 56 397 731 552 63
401 589 645 807 110 240 681 398 388 235 564 878 973 5 918 229
627 368 112 948 975 299 460 171 649 970 768 347 786 526 911 9
97 764 491 456 239 990 393 176 663 958 640 68 823 999 689 85
499 47 108 354 83 767 844 23 793 998 579 346 17 256 965 294 410
324 903 828 880 119 802 212 41 238 659 411 616 518 930 535 707
867 567 378 954 480 551 420 839 51 521 225 626 868 141 374 21
406 927 437 756 895 541 1 352 148 116 145 87 255 904 350 696
344 974 882 629 533 833 500 950 720 48 790 131 399 680 166 561
795 339 405 447 93 848 637 625 241 477 770 598 983 161 806 909
474 361 651 946 597 369 223 759 34 76 