236 550 751 777 86 32 960 16 224 351 838 641 991 398 92 780 441
933 905 691 460 283 601 491 650 147 479 811 309 420 481 965 594
555 653 77 849 540 672 380 403 897 726 638 668 613 731 18 452
959 383 733 705 364 389 528 808 689 246 766 981 425 770 589 367
332 649 615 50 69 48 181 980 393 117 986 872 458 137 779 466
681 14 145 34 834 728 228 674 903 87 538 920 767 12 504 298 631
271 438 976 685 774 863 114 954 371 141 372 558 254 211 694 210
419 949 396 682 543 629 709 405 255 663 52 432 343 566 473 272
957 28 36 651 71 61 839 212 320 296 699 94 440 194 98 654 835
267 493 643 984 243 970 889 301 634 297 880 388 15 999 934 958
249 866 579 21 599 187 214 520 54 717 416 645 673 692 