857 476 796 529 887 469 416 967 354 710 862 950 842 577 532 83
287 990 440 280 473 447 500 648 634 188 619 104 297 417 51 868
208 154 493 256 510 548 160 874 743 253 645 581 723 68 702 46
141 44 851 374 886 580 509 814 962 361 363 409 453 443 761 221
592 456 866 617 308 698 365 118 91 420 616 462 388 64 435 359
260 233 844 784 520 26 96 699 675 639 279 544 179 622 39 677
117 78 169 923 553 566 291 513 27 522 917 501 465 758 54 992
893 916 535 780 599 561 636 666 226 402 257 103 395 278 662 197
670 464 334 348 231 965 129 574 271 381 87 949 283 815 900 902
525 162 172 769 67 424 936 597 657 414 394 982 526 15 193 679
386 177 237 437 970 926 425 17 863 303 228 872 115 942 168 511
547 910 800 751 259 805 925 239 898 268 762 502 130 755 70 332
