70 645 254 453 934 386 37 597 655 364 900 257 803 561 647 801
911 772 50 571 117 393 292 611 922 703 957 774 936 884 875 530
517 943 942 135 153 255 129 509 897 880 242 41 503 432 362 609
652 707 252 113 651 761 672 179 194 616 391 814 15 433 986 232
284 563 895 700 434 234 862 31 704 199 775 976 211 628 195 805
446 721 531 319 159 13 757 548 3 92 792 939 137 915 465 35 52
124 84 717 656 527 365 666 498 373 467 724 296 349 879 806 486
834 5 828 920 313 743 587 928 695 12 648 786 568 699 523 971
665 142 984 929 250 28 455 742 67 431 614 89 8 100 925 954 98
63 958 361 935 494 457 776 229 643 918 977 857 705 56 53 564
799 802 868 535 325 301 710 602 768 499 17 841 981 128 274 553
39 501 300 177 88 508 534 163 846 54 520 387 580 407 403 4 138
702 562 