474 269 60 344 450 617 171 191 673 700 143 593 349 535 378 238
115 978 70 347 315 533 729 630 602 207 655 96 322 623 595 943
748 761 965 855 642 689 547 274 153 272 158 760 597 279 370 454
112 251 515 467 843 302 98 350 876 21 182 815 228 649 845 441
317 971 944 451 651 123 34 293 41 94 711 514 73 581 192 336 572
862 242 477 246 49 913 622 801 114 695 443 713 776 436 458 653
720 577 899 946 665 470 772 397 460 409 527 43 109 548 28 536
128 17 124 40 687 976 601 937 721 705 174 305 320 469 896 948
945 141 714 927 139 992 716 240 45 462 47 997 203 645 75 718
885 579 256 706 537 725 329 844 749 988 493 382 646 609 297 956
