769 652 821 83 859 392 808 283 883 298 275 55 335 595 411 644
915 324 4 510 912 112 110 731 696 778 561 106 250 458 139 761
312 152 406 306 842 623 949 200 657 339 889 851 557 57 265 959
479 560 956 834 430 155 203 254 105 134 964 420 902 601 159 846
909 173 976 319 746 948 838 236 971 843 999 939 272 642 913 695
523 863 176 7 911 588 667 784 660 955 113 986 205 344 183 615
730 570 636 685 214 460 274 304 462 162 229 782 691 740 18 781
944 980 549 305 28 493 882 186 715 120 739 991 841 530 704 253
790 766 732 469 910 252 9 563 891 795 218 844 921 424 914 828
722 245 269 206 880 447 486 593 640 590 114 428 370 75 494 107
89 415 712 771 745 831 869 140 491 382 930 455 202 338 600 714
27 725 873 819 857 537 