222 852 653 616 991 761 495 870 909 509 770 865 243 402 718 192
9 49 164 284 917 353 8 130 908 634 615 126 527 627 185 648 507
19 257 920 367 847 461 949 809 536 889 407 719 237 742 311 454
525 769 414 828 881 597 707 547 238 140 113 760 372 211 944 560
721 747 306 726 578 822 242 115 496 861 574 972 450 225 570 880
998 832 863 444 349 124 624 942 986 797 23 297 877 434 241 371
26 953 209 250 555 106 92 962 373 267 685 366 974 177 340 891
38 970 590 659 642 732 905 935 563 673 201 670 391 215 724 324
248 217 436 677 864 428 462 486 564 272 623 610 866 412 696 281
158 10 606 375 370 504 156 141 882 97 102 190 539 582 621 647
179 