71 386 782 787 108 901 327 599 724 588 129 611 793 384 175 917
179 498 625 803 164 132 136 5 435 514 907 393 246 983 140 421
823 11 574 542 857 991 628 546 571 523 392 229 892 408 97 329
849 886 305 355 532 456 673 547 711 116 686 732 51 84 34 6 465
912 655 743 401 81 80 236 607 244 754 358 119 555 226 792 50
869 652 637 265 245 367 735 410 779 864 102 42 219 780 961 958
615 838 807 312 551 21 746 680 540 231 647 899 731 59 703 910
122 772 982 64 417 420 758 261 109 942 549 22 70 944 4 359 960
232 512 934 28 24 556 275 55 334 594 992 324 717 722 964 224
204 981 211 714 716 100 990 788 32 718 225 860 203 744 7 725
568 979 454 462 672 587 56 381 215 463 320 