405 154 588 141 558 440 258 604 327 762 662 639 829 526 836 420
271 739 349 605 939 274 456 914 170 660 495 63 391 760 66 20
198 436 942 279 524 679 30 540 729 167 6 478 828 697 10 375 240
384 353 160 251 690 503 640 616 527 52 559 181 57 627 949 811
994 80 628 261 707 582 126 51 832 315 350 517 867 385 600 454
365 549 105 502 293 306 331 576 601 475 402 208 512 702 299 727
426 652 145 657 414 866 25 229 950 216 726 656 974 265 553 845
831 606 412 873 135 415 508 184 703 27 675 587 796 967 544 575
75 41 86 770 742 854 226 14 874 372 408 68 340 668 952 661 820
294 237 139 711 514 744 494 419 850 305 849 345 291 789 632 38
673 552 122 513 931 321 376 60 445 90 827 26 881 474 136 