74 206 751 347 992 378 295 335 997 129 188 926 913 144 341 88
67 201 410 452 929 747 224 472 213 615 725 570 173 87 35 207
352 3 890 266 427 53 846 310 843 193 494 562 369 324 868 736
797 740 120 899 12 396 166 975 678 467 153 511 208 971 475 105
815 933 113 304 77 194 808 654 674 800 940 10 325 95 844 995
684 26 814 439 901 58 93 345 36 550 463 845 274 474 484 613 76
780 135 137 107 841 152 688 478 811 947 287 577 650 174 593 608
924 632 433 792 957 888 440 275 521 41 121 900 90 626 49 229
842 397 477 480 779 303 94 114 847 542 140 300 768 151 668 457
69 370 835 471 127 365 880 502 269 874 669 962 745 685 322 629
914 65 412 936 598 456 961 366 760 610 461 