163 877 480 963 552 913 280 128 445 624 538 403 487 632 460 253
641 359 612 267 28 576 468 206 314 722 550 643 112 610 494 873
654 577 946 693 997 193 774 905 454 130 23 559 379 594 471 708
756 732 180 980 810 952 755 265 470 124 505 838 608 833 565 248
702 111 373 721 516 745 665 94 782 785 940 698 369 891 84 609
896 341 269 129 830 687 108 824 929 361 105 125 174 82 537 528
954 399 208 856 322 984 135 860 788 222 939 771 605 681 989 31
345 551 630 461 102 183 596 278 629 297 982 175 847 518 236 803
536 25 783 100 256 300 447 355 476 402 658 73 385 964 606 930
625 176 519 560 941 417 589 456 985 353 405 558 319 209 78 597
365 678 