874 550 548 971 142 907 266 671 617 337 547 775 590 448 210 164
308 853 713 128 480 224 420 618 458 113 724 709 98 90 596 463
135 804 831 20 154 336 327 403 522 644 816 740 954 340 444 412
993 14 430 938 287 890 84 239 665 231 261 552 199 703 1 523 932
870 427 798 246 219 206 302 455 40 121 58 517 194 475 357 344
392 451 661 285 949 700 435 973 351 484 82 730 338 485 284 668
539 689 216 726 43 469 454 474 247 221 781 699 721 931 61 742
975 432 120 213 341 968 607 47 739 87 79 173 515 736 533 270
527 330 396 558 368 374 30 184 3 263 970 332 707 584 578 544
251 830 234 580 127 69 32 325 777 289 250 405 161 834 935 976
278 883 96 662 109 12 146 785 393 840 733 848 751 244 675 68
329 507 855 52 54 541 948 