276 680 459 102 946 537 967 768 9 60 734 395 93 562 261 818 640
427 999 457 530 718 365 637 691 331 467 6 129 315 730 194 812
70 4 878 327 944 574 441 737 887 675 484 113 990 580 507 777
987 248 216 147 35 181 566 241 328 692 525 743 107 624 435 12
931 425 461 48 750 869 23 789 592 635 661 123 468 570 223 94
861 449 474 511 915 238 349 670 379 321 826 117 366 176 955 142
292 976 594 85 797 724 641 333 282 753 796 438 400 957 34 191
788 972 288 741 926 520 197 180 769 556 109 539 509 930 283 715
471 819 443 763 550 279 243 899 473 685 849 141 8 761 320 125
192 954 152 754 903 273 110 938 281 326 762 989 845 553 479 373
14 489 776 746 