211 555 149 466 558 591 815 452 282 634 199 829 291 241 632 453
66 151 275 56 897 184 445 563 846 117 230 248 529 109 573 132
743 123 853 482 645 781 931 464 877 83 370 432 444 425 991 263
903 91 917 498 613 434 721 388 675 602 964 707 367 595 960 347
49 345 350 374 519 265 30 688 363 768 922 226 518 208 962 831
495 53 766 125 68 74 304 401 629 234 57 128 404 869 174 413 843
256 280 72 100 285 892 835 996 114 547 470 141 961 930 264 442
638 570 14 900 124 318 604 99 145 773 807 647 176 213 847 715
485 783 76 260 542 608 814 566 19 733 150 887 42 714 507 198
194 284 731 876 255 148 891 690 628 816 517 294 649 156 189 581
984 