225 308 787 485 542 259 808 572 118 818 99 360 499 766 134 484
10 528 193 875 430 112 628 710 209 94 513 492 39 992 756 62 121
471 681 999 699 351 890 286 268 934 120 810 794 93 138 261 672
0 313 358 470 870 102 987 803 59 581 904 334 898 248 6 945 524
122 551 82 950 686 532 425 25 602 843 327 983 748 991 750 417
851 181 666 336 315 981 284 852 590 154 927 105 864 135 629 98
943 215 213 619 640 355 683 218 129 856 12 14 657 868 110 48
521 57 819 658 309 789 384 465 516 749 183 479 920 373 690 724
691 449 263 132 33 381 345 907 257 104 359 726 975 610 561 842
647 848 874 549 570 157 506 587 895 237 811 290 357 614 140 97
635 973 23 163 166 812 721 339 901 737 693 612 404 938 419 596
36 324 418 680 