212 207 780 123 14 103 642 688 823 98 413 222 92 146 25 502 216
195 690 345 417 790 245 318 191 643 547 947 757 632 828 82 689
794 846 453 372 533 47 669 956 220 539 928 125 327 681 330 52
427 915 728 839 870 138 706 91 925 24 13 648 675 726 316 529
172 791 585 401 86 315 468 446 869 627 404 305 264 155 498 492
73 176 156 93 17 241 569 179 28 901 35 628 879 164 63 904 479
626 554 838 918 595 548 657 898 611 779 480 563 774 43 186 504
5 663 231 501 295 249 432 136 450 161 439 906 744 850 817 289
251 116 109 90 941 765 966 526 183 844 567 111 559 84 324 396
719 61 196 872 907 908 519 851 938 877 169 399 682 608 390 615
218 120 240 531 280 83 637 746 418 221 56 580 435 763 671 645
775 841 423 718 383 887 622 433 347 285 646 509 247 402 932 482
716 535 307 118 784 