383 45 569 307 801 421 150 747 786 318 630 408 553 524 413 966
345 690 761 762 841 865 618 728 793 893 183 130 591 491 974 872
332 315 271 362 391 292 388 952 4 794 472 458 473 306 302 485
500 162 252 375 934 263 81 596 474 501 539 562 886 737 289 685
281 750 517 366 895 457 324 171 111 404 317 935 116 90 842 876
587 429 14 998 56 176 180 136 759 333 402 229 97 304 796 264
923 57 978 579 625 555 779 654 649 815 91 718 847 6 46 209 502
258 537 170 175 145 775 774 196 220 287 427 369 782 10 741 901
251 382 152 659 532 294 499 657 68 704 789 636 698 991 701 314
79 850 997 545 902 840 280 608 478 822 992 631 44 526 694 800
380 518 17 597 359 910 546 372 536 82 19 702 766 494 139 246
118 167 256 321 65 911 231 184 802 160 900 197 634 434 274 647
371 67 244 16 249 2 746 165 462 