50 343 579 742 446 784 677 932 411 353 75 695 553 877 150 80
347 926 89 407 827 879 372 3 240 844 723 758 964 869 299 67 929
733 650 170 396 315 701 928 304 743 921 345 223 104 740 132 595
852 509 710 159 907 356 354 508 241 962 445 956 638 163 282 504
698 119 897 811 218 153 518 970 576 348 4 606 741 358 813 777
311 867 322 34 220 972 618 891 933 152 503 764 731 541 930 300
482 214 157 520 820 748 622 525 305 781 318 123 536 140 943 968
114 30 32 855 709 295 25 888 644 416 145 221 752 433 144 673
959 254 120 721 258 122 711 434 134 271 885 66 374 384 577 181
74 554 418 417 704 257 225 678 905 979 538 546 949 297 809 187
632 2 253 771 76 803 774 708 462 906 824 441 