952 650 15 228 812 871 742 786 330 623 670 673 350 365 490 506
224 346 413 685 514 877 663 949 675 861 677 587 203 975 982 221
948 592 930 464 766 738 120 258 462 909 955 850 549 687 150 515
265 818 614 521 708 61 26 577 683 442 744 59 451 878 377 358
928 674 746 733 408 352 156 341 412 211 511 299 550 709 761 891
225 696 167 974 175 240 741 536 409 340 787 594 432 109 293 988
832 386 688 357 595 439 212 847 917 425 835 610 204 792 317 419
55 830 207 845 198 701 576 473 381 520 758 590 273 34 617 991
783 479 911 423 602 769 501 624 857 686 327 665 718 102 326 649
457 613 256 711 24 556 547 193 443 13 690 654 896 653 371 255
344 92 553 611 205 123 42 568 497 8 171 126 946 884 471 904 424
584 505 813 185 630 281 856 790 640 954 645 572 202 49 508 398
