683 114 791 3 256 184 425 852 719 709 438 231 751 295 659 209
280 331 460 700 164 544 913 584 990 297 9 148 495 526 23 871
448 505 518 527 982 467 70 727 399 329 119 606 819 324 346 809
764 999 193 543 186 738 447 260 458 860 876 669 973 486 488 868
204 546 985 994 398 849 948 391 506 902 783 958 615 869 923 317
60 716 691 766 605 733 171 630 853 337 384 302 815 233 740 492
177 309 890 512 36 343 122 844 822 567 812 867 249 242 886 29
201 165 969 308 861 243 449 964 118 250 422 724 650 427 349 20
357 941 401 139 532 579 901 339 463 487 433 435 120 191 284 206
63 367 717 831 656 947 253 888 758 390 713 887 991 763 465 563
471 651 304 251 169 762 160 846 721 151 396 944 857 261 42 729
680 