730 472 668 265 414 258 807 747 554 818 715 16 738 657 499 896
144 334 247 647 53 162 274 867 259 276 242 559 787 910 842 269
339 233 350 236 343 878 424 754 469 709 629 423 907 792 116 854
696 977 859 243 851 277 924 288 5 726 140 358 711 520 560 777
321 479 250 933 881 781 483 443 716 889 12 497 830 836 845 388
297 537 376 128 422 891 84 600 471 824 511 222 446 333 688 500
487 232 902 704 659 865 540 946 390 731 961 864 186 403 331 557
455 687 52 572 685 513 203 630 766 760 912 261 968 238 923 872
650 491 823 327 246 804 326 419 542 994 293 432 75 257 621 415
18 367 281 753 660 906 856 879 280 727 480 834 911 262 742 684
220 400 669 528 169 576 22 206 640 536 547 999 461 492 456 998
410 226 