934 679 377 546 933 214 798 157 811 293 833 670 812 185 529 59
438 539 947 751 730 728 389 151 766 700 387 607 698 554 859 388
649 451 130 94 239 434 375 788 525 220 996 887 937 62 784 758
75 493 720 615 251 54 992 625 820 502 814 708 963 404 419 775
131 425 179 487 342 68 738 18 685 187 611 564 635 982 792 350
78 81 747 109 580 0 44 363 72 810 894 665 800 295 235 852 757
343 569 915 888 674 341 636 340 836 489 613 513 386 650 527 905
403 842 366 899 865 5 384 437 289 661 393 216 155 473 614 362
578 237 795 885 243 180 570 126 926 904 599 407 997 218 50 416
495 839 469 655 503 135 149 505 6 957 537 942 590 101 278 285
880 769 286 