915 953 968 680 424 667 831 870 626 402 286 882 292 503 848 216
973 988 959 162 653 340 138 76 312 139 726 670 91 933 760 962
212 403 703 348 253 805 751 758 383 924 374 702 943 668 306 481
232 914 207 666 193 220 744 732 542 344 484 623 658 230 891 144
376 444 156 233 200 165 320 504 77 488 906 977 430 267 995 408
521 811 865 677 392 916 603 785 189 495 416 849 150 439 195 203
718 104 452 963 513 339 493 812 246 325 881 981 970 470 936 85
984 406 560 307 331 907 713 581 116 522 80 942 601 976 770 391
616 773 827 978 427 799 818 296 922 182 728 599 10 622 276 395
186 750 652 407 283 614 875 564 561 952 11 473 87 698 428 351
927 889 316 423 839 983 450 893 510 431 611 986 287 767 125 27
569 980 604 118 535 461 89 663 790 341 425 308 833 