610 262 29 389 855 499 288 359 268 100 760 460 764 828 578 570
475 864 162 135 890 699 873 90 160 599 391 523 496 169 571 555
106 715 813 687 42 245 603 300 932 406 167 207 192 231 98 339
442 996 26 672 934 451 125 617 739 469 487 453 194 170 833 784
285 989 130 307 289 963 908 417 843 140 661 305 394 388 940 726
213 958 548 127 236 905 501 841 209 398 575 168 754 494 107 88
309 274 82 537 788 133 166 148 639 807 976 56 104 470 444 199
383 705 377 375 468 382 503 331 179 677 224 77 306 939 888 421
176 131 324 411 182 678 484 180 92 132 793 712 968 235 473 187
263 397 234 727 669 260 710 627 69 625 990 35 249 141 317 37
10 756 111 86 338 344 117 897 449 