913 925 76 738 612 457 706 467 446 963 605 806 46 185 893 692
929 219 420 87 268 651 109 980 184 498 614 409 723 368 685 858
134 200 24 629 677 797 159 676 422 48 704 232 713 28 678 31 707
934 794 826 208 655 910 786 351 454 631 51 923 168 854 215 538
746 63 135 426 888 767 112 978 59 784 132 148 731 693 560 105
491 653 283 371 2 433 52 220 608 373 840 696 355 58 607 246 300
411 226 674 625 922 104 239 807 908 164 309 918 790 754 990 256
900 887 45 320 204 902 938 271 290 528 398 111 68 259 277 639
36 203 743 178 520 92 228 904 196 606 543 142 769 828 330 569
442 793 415 926 541 721 187 365 468 748 953 830 424 173 233 16
777 30 741 11 581 586 194 752 402 49 106 301 758 641 