778 367 724 658 937 398 178 573 165 884 42 244 155 623 363 731
219 995 755 409 545 908 95 791 779 922 969 299 26 458 345 962
92 580 185 91 960 379 209 171 395 230 668 978 459 338 0 27 50
474 900 833 644 509 719 521 125 557 869 454 687 615 134 628 616
478 828 924 472 283 942 122 983 956 675 715 829 878 710 237 182
287 576 43 160 846 982 269 876 709 722 3 137 479 760 24 465 384
617 82 483 29 205 534 200 475 916 378 294 729 536 246 251 757
139 332 594 30 678 340 211 523 21 794 587 49 669 163 349 258
620 274 494 913 695 831 239 207 758 104 866 525 522 259 66 408
431 429 943 112 1 988 273 333 311 168 176 550 275 495 83 15 177
55 