245 793 88 38 483 240 664 882 268 621 508 179 274 76 951 36 527
943 305 622 61 477 684 542 771 787 429 629 916 928 777 544 156
912 378 356 346 549 15 275 663 522 509 457 269 438 468 18 413
832 70 612 89 374 322 199 592 753 501 668 676 746 624 723 876
381 540 556 28 461 697 19 779 215 343 434 975 183 955 843 897
654 473 790 572 711 405 698 604 903 278 270 496 533 503 387 930
789 159 132 69 308 317 266 257 222 418 598 806 760 991 458 898
770 727 865 867 626 160 929 963 534 761 602 667 481 389 417 931
949 300 798 836 462 652 120 831 263 972 973 863 747 605 524 977
330 334 992 539 538 934 130 281 141 768 306 569 791 276 230 677
369 672 655 195 983 247 742 944 210 511 456 630 864 675 158 565
842 694 582 821 224 32 