421 528 748 855 410 330 772 784 465 933 12 808 629 20 828 504
44 485 272 929 782 347 123 450 14 388 349 295 498 464 868 118
961 633 77 522 249 723 447 631 943 671 254 735 148 936 319 62
316 215 646 59 208 950 676 283 117 42 896 166 591 647 71 683
962 560 908 954 415 461 305 339 668 926 852 602 5 236 754 367
455 516 160 601 682 977 919 918 829 804 202 572 200 756 174 839
423 763 914 540 310 675 781 129 260 307 32 384 134 887 835 832
105 352 414 331 65 194 986 277 596 497 276 317 599 762 499 6
505 552 39 267 385 878 289 656 650 843 27 847 478 265 897 893
740 285 706 728 981 494 798 346 273 178 470 604 476 925 296 634
433 482 623 635 549 826 81 720 155 329 698 669 218 184 871 846
850 695 61 953 37 985 278 351 332 261 958 