86 16 870 977 781 946 916 918 147 835 417 534 38 598 992 978
966 645 862 355 783 875 202 251 909 27 755 228 37 414 502 177
420 328 526 669 234 826 733 214 416 935 142 734 523 806 46 320
496 314 445 315 48 555 538 65 531 182 23 691 53 646 536 972 456
291 391 592 90 464 563 276 571 103 969 742 504 405 541 120 910
351 493 603 197 747 864 987 537 820 559 610 220 479 149 166 164
35 894 153 281 599 664 99 454 168 710 889 309 678 911 726 620
4 451 589 707 441 148 126 505 162 833 824 774 387 834 602 17
15 832 839 614 446 229 816 137 395 569 283 960 764 491 787 374
338 706 139 102 128 551 208 763 947 560 872 868 66 334 887 273
316 342 310 937 804 195 765 96 831 759 596 176 494 593 760 841
407 256 576 472 677 449 997 124 9 200 191 973 57 62 637 313 628
697 665 422 215 