6 879 52 407 440 550 948 62 774 525 648 951 453 24 458 924 888
26 293 689 871 801 517 471 469 946 493 837 227 431 422 553 611
806 613 979 783 576 252 186 825 423 610 772 625 297 146 85 41
10 534 810 395 196 578 262 409 791 604 953 630 73 957 966 636
142 436 239 688 876 598 868 884 912 762 316 122 188 929 499 350
288 910 947 684 731 65 461 574 590 632 928 430 667 773 474 669
412 86 996 318 662 106 836 268 593 869 508 319 592 770 250 872
995 677 277 984 259 338 389 476 730 397 970 619 372 845 269 29
502 377 651 195 991 596 591 454 4 682 1 980 371 672 181 633 760
163 13 539 715 755 309 711 158 211 507 880 69 940 155 110 987
492 384 291 821 434 627 98 506 744 757 634 420 311 691 532 832
