27 311 473 118 568 234 828 306 573 760 179 437 381 46 742 559
830 556 672 669 930 235 782 181 373 708 261 982 431 403 243 861
395 983 646 641 860 223 131 256 284 280 522 536 123 124 499 392
332 951 492 908 839 148 334 366 302 944 795 44 543 873 978 801
832 593 65 140 321 82 24 956 459 856 688 365 422 375 558 106
767 532 653 606 461 911 893 660 731 878 883 710 605 142 546 866
677 406 122 799 879 711 618 228 721 440 882 253 361 100 725 535
300 9 16 975 791 377 19 601 136 844 447 369 935 572 778 144 176
610 74 547 92 587 187 348 552 655 814 693 998 282 518 665 487
304 218 97 798 194 675 833 41 66 842 162 509 785 614 318 829
286 292 770 706 84 990 670 491 759 520 196 418 177 916 545 164
266 894 355 324 891 809 298 338 101 210 202 276 367 149 433 139
638 299 744 426 