345 278 722 778 843 647 990 372 575 547 818 10 489 140 595 190
949 788 122 858 922 671 932 632 612 507 239 615 179 183 452 102
264 982 39 669 349 448 728 872 613 807 444 271 540 162 164 235
223 82 133 980 977 701 121 641 879 389 544 56 559 709 711 201
680 936 692 199 808 871 655 964 331 266 207 589 607 22 776 814
999 548 569 623 882 627 409 523 837 310 258 991 241 255 467 542
611 51 445 617 637 787 365 554 798 561 880 63 250 233 481 283
171 330 757 715 468 625 652 311 184 659 826 584 945 268 364 820
769 660 9 754 359 973 713 942 387 153 429 116 862 483 531 785
806 408 875 571 844 756 586 649 394 718 254 426 381 209 422 377
94 126 391 434 386 827 465 200 425 687 846 881 690 587 500 471
866 582 578 938 181 792 501 939 161 399 437 337 989 689 913 104
512 955 31 194 276 594 