360 824 801 538 881 917 999 50 698 320 296 344 224 359 774 650
34 968 975 288 595 189 639 40 984 174 743 667 313 36 96 586 286
136 41 46 802 307 345 759 873 542 427 478 713 750 474 518 168
54 417 232 953 499 800 346 906 397 479 561 204 254 903 165 690
998 63 138 365 528 348 862 166 262 277 395 674 855 653 491 472
473 103 421 610 293 875 562 854 670 777 533 755 8 81 64 105 116
782 447 102 850 692 380 731 654 940 90 107 601 247 271 294 688
725 965 125 104 749 23 702 996 752 274 887 880 901 959 177 239
832 545 860 28 957 13 269 352 655 324 931 861 195 971 941 515
108 250 331 91 793 267 578 430 278 279 977 211 355 121 459 907
585 453 292 160 128 