148 47 79 948 365 806 794 255 109 790 172 815 746 184 449 681
483 564 776 828 822 918 411 256 989 895 641 373 908 682 53 983
165 896 547 624 458 461 251 780 419 973 506 804 943 316 210 655
542 195 903 84 762 456 162 133 9 754 916 975 478 93 885 123 889
240 879 845 161 657 696 63 435 744 317 452 68 839 21 559 708
678 502 573 651 325 131 993 947 189 89 174 454 882 294 39 296
254 232 331 137 772 904 3 179 71 457 488 974 582 217 709 62 124
436 912 34 252 837 535 958 190 753 900 610 295 881 872 216 235
578 549 646 619 493 236 229 475 83 787 418 807 739 266 936 290
950 771 884 467 684 211 608 832 914 694 933 955 473 421 348 281
307 339 414 769 25 273 846 774 146 220 376 599 491 221 111 814
800 980 154 760 107 15 314 586 781 91 