716 537 168 865 887 719 450 796 654 399 829 368 779 876 7 924
599 713 724 192 152 298 717 381 447 589 813 577 720 982 386 267
764 69 460 931 702 494 319 964 14 261 38 914 789 120 465 25 916
850 580 375 71 320 845 116 347 722 184 530 42 860 215 251 73
917 472 776 572 803 973 131 430 228 405 598 573 304 208 929 308
158 682 786 783 941 130 102 31 12 58 614 905 958 745 871 19 527
136 232 805 57 870 892 509 196 987 339 354 711 176 207 763 975
146 379 340 336 90 463 664 468 750 933 497 51 195 444 66 167
669 113 213 481 11 615 67 798 407 999 851 487 303 866 461 126
103 180 583 998 272 206 650 388 638 376 349 157 925 508 911 710
