27 723 588 628 643 145 732 494 288 884 204 476 936 24 972 692
977 277 614 491 893 804 860 165 769 399 932 256 123 329 704 178
513 384 309 186 380 524 436 583 699 305 243 397 169 461 573 392
311 197 877 883 925 391 565 5 891 615 949 729 642 467 97 106
352 782 871 819 430 78 76 175 321 663 817 700 435 138 868 40
347 20 687 150 851 367 684 423 407 637 342 295 13 747 510 463
679 244 368 30 104 271 742 330 900 212 508 597 71 403 641 849
528 440 431 778 459 780 538 655 984 112 390 22 920 727 57 454
544 156 543 559 420 522 809 548 807 938 917 457 594 553 194 885
830 881 657 245 939 216 929 928 943 737 137 37 841 986 466 292
121 630 664 360 918 205 798 721 755 0 148 26 607 