200 401 716 703 434 140 683 532 50 495 964 387 952 763 542 482
990 363 492 419 326 736 469 4 44 389 303 839 997 268 317 304
86 397 332 867 375 386 244 778 701 762 976 48 118 463 55 192
914 623 187 21 784 996 83 427 856 403 127 830 610 77 446 362
325 845 815 311 616 676 601 517 209 769 865 787 257 27 310 444
844 646 576 208 954 731 764 367 247 222 754 741 903 71 445 515
570 318 842 712 306 406 632 864 829 805 342 978 507 744 527 560
443 776 661 761 655 22 588 497 666 711 817 782 148 795 32 705
526 263 124 414 723 370 665 559 394 909 87 697 668 934 686 819
749 410 614 901 174 210 19 710 715 287 948 322 320 16 407 471
558 953 940 433 555 509 727 236 966 422 615 0 938 12 180 270
786 879 99 61 462 110 902 24 479 982 237 38 981 