359 42 9 32 21 171 96 107 40 865 461 588 731 766 471 779 970
643 394 509 477 92 381 362 212 468 198 680 690 28 205 563 176
442 940 441 351 946 443 399 727 401 682 291 671 412 345 834 25
248 75 0 175 606 395 99 154 714 377 899 696 736 864 183 298 937
196 304 590 532 512 170 385 8 202 809 758 485 431 925 717 413
553 996 295 253 797 641 799 222 338 141 177 683 613 47 976 190
570 514 960 100 252 169 135 472 689 888 571 569 659 435 131 692
687 707 56 273 310 287 340 386 615 484 894 453 352 934 522 480
932 105 708 167 393 504 429 693 916 354 559 430 349 656 595 317
454 319 481 627 612 891 474 384 802 409 589 276 125 390 147 350
149 929 414 501 711 581 407 505 846 388 368 902 740 664 753 348
181 389 421 677 240 