126 317 294 433 458 910 895 262 918 398 762 266 204 567 12 741
973 943 406 796 297 467 849 870 315 960 586 738 928 572 861 817
588 837 241 312 83 523 380 239 549 255 84 773 745 160 219 732
804 779 605 874 748 751 333 594 473 542 470 369 276 739 980 196
87 596 592 666 975 587 46 672 887 373 103 721 69 539 163 530
442 756 932 947 786 337 27 728 981 995 330 664 110 187 145 766
5 268 53 512 905 498 563 272 247 322 547 407 59 574 857 437 421
760 660 560 581 424 92 692 508 271 961 671 846 250 54 781 643
205 287 517 831 519 886 320 906 328 120 291 541 646 616 477 965
883 691 215 365 348 944 292 107 628 105 991 759 729 173 650 307
919 21 97 715 311 391 742 792 956 260 209 162 551 511 776 251
416 400 147 662 828 494 922 822 630 237 852 558 603 612 254 845
927 