633 269 433 888 317 266 797 238 460 27 245 150 706 613 454 369
383 30 660 938 717 286 95 605 642 527 258 96 586 648 869 504
168 25 188 593 555 541 44 553 128 775 246 165 229 201 323 602
695 632 523 507 614 58 181 140 568 437 637 175 328 131 976 700
957 365 336 874 71 597 702 967 743 187 840 42 968 415 855 573
493 653 665 12 652 627 468 386 248 515 85 312 227 733 812 506
686 272 592 716 118 684 212 753 197 912 11 741 928 615 713 926
138 712 817 461 513 977 861 70 14 151 450 825 4 453 963 529 528
203 965 603 688 160 200 690 885 546 508 626 427 444 403 841 842
955 52 115 601 774 828 574 794 79 858 333 579 830 39 499 747
162 75 123 905 407 784 595 587 983 15 466 554 578 639 580 67
107 669 65 279 379 288 41 916 