490 520 760 95 274 815 408 594 578 764 736 61 117 441 588 680
990 613 261 461 660 553 937 199 164 139 243 154 497 460 728 50
85 296 31 198 739 723 930 693 489 27 211 161 481 714 433 316
134 278 976 756 584 952 839 950 889 710 126 854 186 318 354 525
458 220 790 690 487 945 527 857 779 966 713 539 939 168 775 454
663 295 620 622 282 998 546 528 752 181 696 46 260 547 851 195
361 970 646 17 11 730 566 683 477 924 661 526 171 914 232 254
848 356 249 582 429 80 774 581 504 246 904 340 203 944 276 10
890 947 753 708 442 531 795 107 895 987 439 540 662 802 870 341
542 451 830 555 907 925 330 906 182 627 157 823 955 993 658 426
799 183 322 288 654 755 311 962 110 86 988 201 272 414 893 826
326 158 310 608 759 196 861 874 615 264 308 981 285 224 303 