485 725 580 321 847 80 243 58 137 153 901 907 994 466 603 248
186 498 542 91 517 428 348 378 912 884 347 129 951 748 845 476
410 421 308 573 566 277 270 826 816 840 115 834 572 377 718 788
651 539 493 71 645 859 875 654 480 101 413 921 435 782 854 339
832 386 486 316 964 673 626 802 913 881 14 443 848 558 441 318
918 276 882 586 756 134 652 249 74 127 353 274 247 766 470 611
144 449 223 671 266 957 50 866 291 731 598 754 662 199 77 381
253 945 936 213 944 876 335 640 464 787 6 182 935 810 991 370
5 190 13 720 763 808 433 928 751 634 411 141 973 741 105 150
578 557 478 768 322 674 170 633 855 295 844 888 511 393 564 805
758 516 739 17 