567 980 154 872 851 400 751 428 349 910 487 130 764 16 464 784
356 267 165 175 106 704 63 345 122 203 155 305 885 7 696 629
417 95 695 946 2 123 139 300 668 408 284 105 461 861 361 570
422 42 265 200 166 89 908 901 251 260 163 706 936 505 648 888
401 176 375 470 332 427 134 315 347 20 848 754 232 172 783 195
703 655 841 233 899 382 917 54 654 498 857 787 708 362 425 566
716 107 116 517 931 572 770 775 776 627 563 324 441 372 112 28
714 319 930 84 432 914 456 311 259 215 588 647 67 675 476 690
397 128 109 691 968 421 344 909 591 96 522 143 700 257 904 957
705 749 843 652 153 839 445 115 502 77 296 927 739 78 494 728
295 657 854 514 242 119 27 