530 247 498 79 817 635 777 559 345 762 115 310 371 204 423 974
233 437 469 333 375 251 294 808 386 87 379 542 852 511 588 684
767 435 935 566 894 387 269 782 790 524 319 133 168 730 94 47
111 657 982 952 700 641 376 25 13 157 307 637 898 633 774 135
804 378 592 899 586 766 829 924 494 669 842 89 207 729 653 267
822 316 149 556 226 943 229 631 475 986 295 547 540 299 996 593
457 543 533 658 28 689 847 523 467 876 902 338 756 348 620 458
640 656 780 877 287 793 648 410 428 809 995 622 148 859 81 832
200 193 277 440 922 40 680 2 350 930 647 591 413 391 460 493
92 48 773 78 506 544 406 65 786 505 424 33 156 30 514 210 878
886 370 796 634 51 188 351 928 172 497 752 915 801 