69 115 40 204 78 246 371 449 581 216 129 265 850 267 283 160
27 564 161 909 560 337 17 964 460 471 284 549 474 162 71 227
33 877 374 442 280 700 353 378 278 454 83 421 718 943 722 699
935 949 85 933 865 194 473 841 133 589 452 7 143 710 658 543
197 268 785 50 288 990 924 974 218 942 44 501 297 420 428 308
379 996 210 153 455 62 887 729 962 997 322 660 424 646 125 321
597 578 606 799 66 570 802 638 541 57 897 51 611 111 522 966
998 370 783 202 523 114 835 232 47 610 665 617 869 464 54 46
731 493 695 22 536 177 637 619 548 849 448 668 236 382 978 860
593 746 293 848 330 688 797 342 951 96 141 932 779 622 652 318
102 73 319 821 59 211 752 108 348 3 475 510 614 505 411 82 982
224 186 940 316 928 906 461 482 724 521 