889 991 87 110 992 246 336 883 124 801 391 645 583 261 705 43
795 195 377 785 211 861 643 647 387 73 562 854 906 868 0 537
901 617 461 611 688 334 923 621 3 348 498 18 382 754 349 651
817 160 634 381 922 363 576 133 157 966 595 736 979 741 257 399
393 938 232 231 607 816 410 890 252 324 379 667 728 155 722 168
887 830 783 755 303 20 52 770 662 171 378 668 299 354 295 756
683 776 81 786 933 999 88 921 929 59 812 547 907 120 627 648
579 428 729 780 987 355 35 300 824 409 7 501 961 873 545 964
526 267 806 994 91 766 196 481 984 752 787 495 178 361 949 624
499 690 330 82 940 477 480 567 866 99 932 236 658 771 439 684
356 427 442 