867 313 111 373 105 854 513 255 236 438 269 11 86 38 96 934 98
172 917 777 719 661 758 669 565 26 841 865 306 927 415 346 654
602 362 647 913 335 718 489 175 339 208 300 966 192 119 477 330
320 407 503 885 943 478 633 24 165 60 831 870 532 430 752 233
161 617 553 289 815 488 185 826 371 485 560 614 628 199 154 818
241 941 234 581 681 908 775 283 20 849 354 764 901 930 214 72
710 315 352 0 276 569 442 863 186 305 303 273 29 395 688 152
338 288 89 202 749 34 978 361 902 630 466 474 14 106 252 259
729 609 129 21 107 358 145 62 738 994 846 357 398 78 190 933
735 573 722 275 832 659 555 615 225 968 146 139 651 726 380 235
439 191 301 81 795 404 548 586 308 226 598 814 121 455 950 436
467 243 707 331 705 797 