565 208 777 55 564 500 368 719 653 608 791 346 555 114 793 59
613 154 183 78 915 355 287 721 80 468 121 814 43 728 226 144
489 772 145 394 893 113 542 666 203 218 686 466 427 607 593 900
150 551 574 763 513 211 137 166 383 723 800 939 473 815 740 165
840 990 925 967 923 855 521 359 12 557 106 591 49 96 890 769
289 713 453 633 245 907 629 806 340 136 238 558 752 536 739 98
818 680 831 832 895 786 83 537 589 919 20 632 292 247 400 954
749 372 278 234 478 767 698 643 486 522 33 265 81 428 232 217
331 992 477 118 212 401 660 532 351 712 603 626 880 204 11 983
209 982 100 89 311 91 518 830 738 718 844 447 373 970 371 312
985 731 623 46 548 252 517 553 942 733 492 388 224 921 578 448
395 295 968 304 132 399 32 598 960 248 504 148 306 788 274 