552 810 152 770 114 12 507 668 3 178 371 19 154 449 92 419 313
334 630 294 571 34 976 411 872 873 723 741 185 127 844 817 298
959 401 690 222 525 573 825 813 64 329 297 207 564 209 370 587
896 62 760 537 855 991 442 627 879 248 554 912 149 923 685 83
400 333 343 238 361 707 899 21 242 456 81 545 30 807 384 730
804 944 389 948 246 315 182 460 120 359 708 177 4 474 184 870
325 403 660 853 753 988 249 342 652 434 623 441 874 757 705 397
822 974 702 256 372 24 485 526 364 925 907 8 594 327 66 823 417
628 956 851 945 536 123 688 747 264 742 861 78 516 73 556 181
206 986 590 574 584 316 953 869 422 224 731 39 216 76 520 777
784 354 394 451 980 79 108 733 266 802 667 150 416 453 355 550
243 669 477 196 239 839 996 347 971 547 