169 38 254 688 297 319 376 510 619 775 309 452 378 432 558 446
681 728 524 515 615 275 792 369 488 197 215 457 491 306 466 822
132 704 990 11 356 412 460 856 274 559 291 237 341 449 482 386
148 168 859 465 690 572 785 407 114 529 75 525 333 93 39 881
166 807 577 671 269 290 235 760 550 500 867 653 523 911 160 786
828 702 633 489 172 803 100 570 806 609 569 79 685 396 557 140
735 389 213 943 202 509 530 229 713 851 977 142 127 636 502 4
192 211 656 511 642 314 579 683 338 719 556 801 668 283 34 758
804 897 480 218 427 246 877 520 604 516 95 963 824 898 896 424
974 30 134 876 954 423 24 258 308 72 630 632 850 521 35 575 682
893 190 265 612 762 982 361 928 541 761 240 533 882 230 429 141
800 777 346 718 136 273 233 