306 123 739 279 289 776 903 874 784 432 78 379 808 632 919 934
536 826 80 47 873 484 436 103 871 225 349 821 850 458 422 209
134 852 885 948 184 315 916 637 769 84 655 46 15 331 36 588 619
48 509 360 364 975 304 606 794 973 518 861 243 797 960 365 481
635 665 748 729 395 16 368 90 63 106 439 118 216 76 456 853 345
144 669 664 121 804 608 275 443 984 283 556 119 721 158 21 595
647 568 174 465 260 699 898 547 429 179 950 120 248 280 749 927
19 0 771 791 31 703 597 932 394 30 560 94 479 182 164 419 913
91 464 334 823 666 554 688 679 523 50 709 111 708 620 548 845
401 846 336 190 49 413 744 864 652 803 165 939 787 717 81 417
977 965 434 2 921 781 602 476 277 992 