910 408 561 578 0 358 490 115 901 761 313 943 349 477 940 880
991 383 826 812 427 548 821 965 998 75 479 850 809 412 286 785
443 801 25 381 929 232 679 59 31 708 252 267 569 584 954 736
325 862 853 39 428 510 686 678 397 37 890 682 496 945 160 145
642 942 881 763 261 23 492 315 879 714 767 937 148 67 296 86
204 519 256 355 199 856 892 146 634 876 354 419 861 61 330 935
393 676 85 223 51 229 778 228 244 27 4 409 100 997 625 435 738
871 666 684 905 670 775 78 832 487 410 773 629 92 168 7 6 226
694 888 667 44 768 124 89 211 878 705 895 594 237 796 300 489
370 275 238 620 91 208 928 513 221 125 958 180 309 933 771 222
377 155 73 80 405 693 882 95 203 339 227 696 482 757 758 700
329 126 866 886 867 972 563 161 159 591 534 466 343 870 259 35
664 2 219 530 9 966 702 