121 386 940 966 889 713 88 604 245 459 456 226 510 774 699 480
701 373 393 516 218 608 799 826 283 160 297 237 117 351 145 354
152 523 654 176 36 747 458 166 431 527 883 897 710 560 999 137
43 635 929 341 528 927 154 244 536 466 229 825 787 664 23 691
498 920 251 896 902 501 299 479 1 478 504 506 301 8 580 694 265
879 780 21 85 230 684 356 349 622 706 599 130 552 900 469 761
956 941 149 54 256 89 764 194 497 150 886 249 471 846 407 740
280 109 931 591 95 720 196 413 630 571 623 155 328 181 124 789
442 374 157 721 331 39 878 198 543 702 28 746 489 959 372 148
882 446 537 852 563 717 924 686 31 185 928 696 355 20 935 252
589 559 470 454 131 41 286 499 561 934 66 728 440 860 885 