966 805 17 384 644 309 922 124 761 37 833 934 316 overengineering
552 897 71 298 889 19 893 470 61 641 874 357 688 500 98 102 699
506 157 303 444 405 569 782 172 355 875 983 878 212 824 994 125
542 448 89 684 863 885 76 651 995 946 606 735 425 80 148 409
402 737 978 654 3 224 156 640 46 597 951 180 210 66 5 superfluousness
451 385 417 398 191 512 683 901 760 345 985 364 807 996 941 935
980 593 923 293 784 408 222 510 276 931 750 954 380 768 83 919
942 927 390 155 694 912 dhourra 503 340 36 177 522 360 561 872
496 311 330 344 26 591 302 612 236 670 908 295 162 289 489 915
867 902 757 795 774 440 238 632 662 110 441 1 846 280 143 881
335 268 630 239 603 971 367 