732 57 395 389 891 548 564 398 988 775 997 596 597 593 259 949
810 568 188 663 241 935 26 981 611 427 299 126 204 225 770 31
559 925 393 483 989 771 424 25 984 956 155 774 536 488 328 813
604 656 819 477 640 676 961 766 540 567 998 78 154 499 669 707
158 731 211 306 927 937 23 966 385 603 996 606 691 420 889 173
390 842 791 565 799 535 674 530 237 257 114 721 807 218 102 977
509 743 415 838 529 817 958 615 863 673 605 403 970 983 820 650
947 400 425 973 612 533 245 327 818 467 736 557 457 88 206 199
300 351 47 806 87 951 767 266 901 898 113 383 662 138 346 316
305 822 432 297 852 582 276 325 594 829 871 360 119 726 453 493
262 416 652 94 853 64 976 222 858 798 478 563 322 588 762 456
534 870 295 598 658 362 261 672 473 946 