904 106 816 762 374 848 594 546 810 272 464 837 324 79 633 745
680 632 642 576 449 116 386 741 203 646 482 714 303 612 396 474
650 784 761 882 991 968 387 868 751 543 73 647 600 47 698 772
970 452 563 457 809 211 131 890 200 423 945 651 160 208 382 757
354 360 305 879 727 171 367 383 807 648 336 963 287 445 407 421
271 540 124 545 18 597 298 277 501 604 242 192 691 627 886 747
110 269 488 101 776 487 451 637 6 458 852 130 28 267 237 793
841 222 878 792 465 477 940 658 575 103 468 32 586 567 368 377
536 853 495 899 700 811 821 418 953 409 737 230 330 9 93 993
707 720 453 798 659 441 541 415 765 136 773 831 935 7 638 333
869 722 