296 281 566 86 602 135 966 499 828 531 748 136 333 917 299 235
945 522 770 65 19 128 98 39 900 209 206 63 951 277 71 842 971
263 220 260 700 562 619 259 445 729 195 21 355 147 503 389 600
556 615 183 383 543 726 610 396 888 322 849 934 555 498 695 902
224 859 771 899 998 646 153 638 880 35 399 798 225 159 982 478
117 471 379 415 893 422 500 109 85 537 979 740 778 325 250 328
618 753 161 488 409 414 691 185 744 918 142 532 589 593 223 308
653 452 957 354 366 549 843 93 438 807 526 832 677 570 756 194
803 898 56 936 757 860 232 114 815 100 7 196 226 437 839 405
357 723 294 908 668 170 119 365 397 528 856 94 793 139 412 202
504 697 680 586 719 20 