974 911 861 710 264 851 800 849 730 848 580 768 538 280 613 578
151 42 130 782 979 765 397 914 406 771 238 902 446 678 192 856
403 597 471 963 433 239 703 356 704 969 673 429 607 117 763 13
251 829 787 296 637 929 320 989 247 735 490 73 479 80 32 884
661 17 208 233 548 784 37 937 601 700 948 565 791 487 994 308
724 43 630 198 20 679 349 992 983 544 509 622 893 301 702 860
368 1 915 853 345 304 335 344 179 353 640 440 546 588 270 599
475 96 878 78 511 11 19 243 108 718 569 321 144 754 996 421 836
931 719 124 913 872 956 627 554 947 891 520 341 114 167 438 204
649 111 653 259 655 949 972 998 864 632 206 921 425 474 755 382
795 618 327 54 379 396 