548 811 139 119 870 311 241 917 778 634 707 355 459 321 218 267
97 821 863 769 67 357 443 306 975 860 923 118 145 188 340 354
295 278 417 927 719 892 414 371 17 636 785 255 854 600 929 14
169 986 31 171 687 198 421 489 593 290 162 553 497 773 437 746
513 569 425 560 268 982 661 823 161 282 752 58 143 55 233 281
400 151 471 187 163 76 406 554 768 134 210 971 891 338 239 158
450 812 764 279 705 528 378 496 423 109 919 675 736 602 806 244
173 498 123 685 501 945 621 387 910 556 261 125 843 419 379 42
309 481 734 948 236 881 887 851 534 68 98 568 737 680 663 820
977 402 928 667 911 48 525 935 219 922 157 815 900 41 473 303
416 393 718 216 142 622 389 192 40 701 343 99 682 742 369 741
409 351 673 531 983 508 836 265 