508 953 777 621 482 22 520 156 304 553 506 559 522 142 691 893
332 368 604 987 536 936 963 717 305 659 515 209 665 185 736 724
403 496 922 164 619 821 68 77 966 584 643 145 86 607 728 704
701 297 214 939 113 837 861 635 199 833 568 747 211 817 541 348
447 481 451 835 440 140 315 749 780 628 416 918 229 742 287 341
972 363 885 158 50 243 312 334 545 897 566 347 411 293 381 66
246 231 587 100 901 376 694 475 916 64 474 786 914 187 614 886
490 773 744 722 630 291 431 405 853 949 39 420 183 996 97 803
324 652 306 358 693 310 258 4 34 51 618 513 865 879 32 333 148
330 685 114 793 944 308 266 398 769 960 355 870 999 673 59 102
141 751 31 997 309 54 215 80 800 409 856 968 674 193 138 637
159 319 569 196 657 317 174 826 820 302 452 430 