365 466 166 239 277 402 318 322 370 305 953 146 590 22 136 154
534 262 198 552 539 448 600 399 31 479 202 927 931 334 426 385
871 542 336 930 736 569 603 891 39 770 545 974 755 501 566 860
882 576 652 761 631 195 347 978 63 719 450 341 28 162 502 724
199 186 658 416 967 623 44 983 678 746 699 605 646 216 177 266
101 290 487 520 409 16 29 830 888 491 459 184 809 68 140 18 183
922 644 408 998 291 237 817 296 790 238 703 124 578 287 453 909
840 672 331 526 26 105 190 625 959 275 596 928 285 468 525 97
984 801 949 57 340 955 141 263 665 298 228 519 302 61 572 617
804 256 176 91 337 632 919 825 633 406 350 986 201 765 608 324
82 192 315 895 731 300 72 813 846 17 461 937 852 586 235 261
991 71 915 979 64 889 704 212 