459 151 332 80 835 498 534 772 470 485 329 214 583 553 146 190
541 379 165 557 196 72 510 670 279 819 728 108 676 816 589 16
795 602 320 649 932 742 339 834 729 962 983 38 855 350 843 317
35 270 848 970 384 353 133 720 84 518 490 414 439 415 619 40
767 277 961 104 986 441 82 360 321 465 272 677 764 178 451 299
495 452 496 216 242 56 507 334 523 806 706 732 512 218 561 761
232 545 1 93 230 155 434 171 513 693 711 250 94 811 159 956 410
445 887 473 440 346 880 639 931 482 617 213 173 895 55 653 26
827 128 778 85 984 709 138 862 748 627 876 915 41 164 411 311
839 81 89 578 132 991 544 96 923 9 43 954 287 390 714 388 833
75 337 734 12 894 336 244 846 383 305 282 252 899 874 135 890
73 556 977 431 680 499 707 651 569 552 