976 124 691 419 394 599 995 740 828 884 43 675 776 688 782 339
365 282 908 327 141 902 470 922 512 728 167 85 762 388 450 445
44 614 373 89 286 956 834 646 560 668 681 400 436 661 35 391
818 28 975 226 581 274 719 467 433 802 593 324 67 759 340 181
456 13 534 343 248 465 718 887 184 665 17 585 383 508 474 588
587 49 379 803 92 100 398 250 590 130 18 746 263 615 947 637
817 385 798 963 112 452 540 697 345 93 696 720 546 754 833 472
299 425 871 971 406 744 591 914 663 955 595 468 221 807 3 305
721 357 448 464 62 538 157 879 254 290 695 297 262 784 617 542
925 139 980 107 227 469 140 149 888 50 29 877 683 199 195 757
128 427 182 244 933 211 213 763 300 183 335 979 875 768 172 38
937 301 804 126 143 325 655 829 150 463 352 891 19 772 349 