785 381 877 183 408 298 944 472 264 918 828 365 443 531 579 299
177 578 352 328 409 960 256 847 496 702 733 509 104 976 384 57
69 423 740 681 991 704 44 949 99 488 294 893 843 840 428 286
626 54 218 818 905 897 817 737 150 811 865 773 934 947 43 401
487 92 174 35 762 862 581 781 347 128 480 33 343 48 42 697 230
910 708 988 497 245 812 631 271 21 7 522 814 111 827 79 184 931
199 551 593 339 838 778 940 492 167 284 172 305 439 24 860 113
711 9 528 13 466 422 60 612 88 655 710 675 642 475 97 864 724
901 126 635 318 597 391 449 56 836 562 610 332 835 566 761 37
40 880 857 121 986 757 204 129 929 395 482 987 221 265 292 295
300 536 374 195 202 564 787 324 376 546 403 671 473 964 978 624
250 3 367 694 520 416 902 314 935 5 356 858 744 983 50 349 106
382 585 31 194 400 849 