87 377 73 132 834 898 585 756 749 605 351 398 399 963 937 345
823 663 551 708 755 152 490 16 215 161 899 108 668 432 134 611
477 702 897 728 980 752 712 627 70 177 82 481 85 68 926 5 920
970 55 277 878 112 516 662 763 919 503 606 373 851 942 607 859
392 558 26 290 692 986 164 450 837 866 587 512 127 10 139 517
630 690 761 140 88 198 680 676 405 601 572 109 101 17 482 836
251 155 791 488 193 619 261 494 916 589 911 425 549 648 455 413
124 508 448 678 828 610 959 58 418 664 602 976 260 954 291 451
202 720 666 458 476 306 324 709 900 254 311 168 460 113 857 868
830 317 229 943 464 230 711 813 397 123 719 430 24 49 292 144
370 146 214 379 945 259 148 612 634 800 586 511 507 252 29 947
497 924 509 235 679 650 276 86 914 652 907 991 315 969 282 696
110 180 421 354 592 854 300 