48 129 786 542 518 61 884 242 343 486 886 899 165 598 484 753
617 863 652 368 393 288 34 946 114 145 119 827 537 941 550 964
107 587 521 897 326 502 266 82 799 154 534 492 977 448 412 450
838 605 813 460 754 526 104 291 630 674 395 185 928 194 653 744
33 811 795 347 949 548 888 951 328 249 805 580 83 790 940 695
170 904 546 646 640 953 175 902 332 76 552 370 226 390 937 663
752 398 651 99 634 430 563 772 857 287 476 697 46 77 794 208
69 650 668 149 762 267 29 750 675 723 118 4 359 401 746 130 470
615 887 454 88 356 631 93 895 221 556 320 215 699 987 503 679
719 126 388 924 816 509 773 97 917 203 26 446 80 740 810 407
749 457 988 224 930 512 68 415 755 402 115 480 896 607 703 735
567 774 178 532 958 143 497 690 211 379 58 891 191 259 659 157
57 