495 534 792 786 568 265 134 570 149 640 233 927 12 553 145 762
248 795 963 16 352 199 569 754 906 315 667 585 931 238 831 670
425 6 379 395 66 752 292 317 358 37 961 302 381 428 113 523 198
736 161 10 334 525 606 992 909 711 87 154 25 463 889 61 507 571
444 96 71 879 508 74 413 764 496 637 626 220 530 920 595 232
60 73 64 414 88 882 665 557 192 139 589 738 627 81 885 188 797
85 767 787 551 791 36 121 541 70 926 388 54 925 817 394 984 80
125 422 921 979 703 18 644 166 308 440 690 515 617 769 891 91
195 641 132 526 386 859 967 311 34 165 936 126 888 971 518 548
756 997 62 586 456 522 299 501 464 642 111 929 224 965 550 396
709 