50 370 306 247 581 222 205 520 7 671 640 732 525 210 324 192
624 52 887 138 220 739 738 517 94 574 910 380 663 254 908 433
171 480 695 109 654 775 410 668 826 552 949 756 994 184 297 51
746 507 26 629 819 900 153 451 766 851 726 80 230 303 659 514
760 91 248 55 492 315 272 459 322 419 801 284 706 958 365 500
675 115 17 450 296 219 352 723 667 538 29 481 295 711 289 301
549 41 829 314 371 810 993 27 255 83 442 830 991 282 213 510
21 690 838 527 905 786 194 876 645 151 565 576 598 872 489 387
103 630 165 294 331 372 727 670 869 712 568 431 653 802 937 846
584 369 28 447 429 811 414 588 677 20 361 519 366 287 837 911
509 709 934 13 327 25 