391 818 95 260 967 670 871 837 983 31 143 330 556 976 769 285
824 322 905 29 997 222 862 74 180 404 368 140 625 43 750 567
384 321 439 654 814 252 597 936 233 865 61 751 237 557 614 23
119 367 118 123 981 82 116 79 347 596 185 684 131 70 39 882 269
177 398 198 982 732 408 733 858 63 932 747 892 154 591 28 38
623 71 13 485 304 462 639 364 921 338 75 807 868 707 782 387
213 336 931 908 726 452 988 464 191 659 412 648 326 302 650 679
5 350 324 392 515 509 197 311 114 355 48 242 711 463 36 695 542
913 115 375 953 240 590 594 894 516 35 218 297 18 753 84 42 687
933 877 855 530 562 132 896 397 539 363 652 975 990 746 851 389
716 45 26 986 603 405 643 502 315 878 789 611 241 203 6 448 637
883 393 288 480 334 683 9 898 844 155 