64 484 84 215 847 269 795 120 514 217 538 100 234 328 297 812
334 984 440 802 102 959 758 842 780 449 62 915 577 437 571 978
544 963 868 974 568 853 882 555 165 778 249 276 214 565 182 765
732 752 678 938 933 339 255 417 493 367 190 382 462 432 629 317
392 13 155 566 447 727 950 478 953 672 451 759 342 158 292 20
502 427 101 122 627 461 772 73 180 90 395 503 266 793 889 584
973 623 918 789 923 213 784 624 223 88 316 782 433 366 914 797
3 757 907 239 361 163 990 996 443 585 26 810 694 341 344 927
22 504 654 284 283 332 376 153 826 10 403 890 17 37 798 63 819
469 660 972 681 617 554 661 409 567 324 719 779 542 703 741 792
828 861 799 877 920 857 637 75 108 119 333 922 952 620 2 21 744
121 473 977 633 574 281 488 