845 542 300 310 492 400 302 371 84 646 191 181 644 654 712 202
874 643 656 290 6 244 283 279 421 67 205 890 761 120 706 802
739 784 145 836 863 378 938 472 572 707 923 640 197 363 934 32
97 321 307 387 468 538 550 594 130 405 585 125 636 676 900 592
722 998 588 251 348 430 95 839 123 7 974 454 264 296 33 567 698
46 80 85 696 901 423 959 906 354 398 914 164 954 791 27 605 905
691 392 677 694 926 537 831 609 98 730 545 221 984 323 81 453
775 93 331 744 873 190 419 194 366 77 449 969 210 231 877 26
451 275 494 565 301 580 745 517 732 958 541 160 156 647 106 465
915 433 825 255 347 416 19 992 299 240 559 663 785 885 912 135
