827 780 806 400 558 736 923 638 389 158 982 684 762 661 126 393
822 838 814 288 361 356 515 702 870 224 408 310 610 947 266 787
986 419 110 834 144 897 85 954 22 120 371 630 346 470 6 339 65
764 322 961 524 232 231 785 809 106 357 583 379 905 823 146 44
475 969 979 616 296 894 826 243 365 540 281 789 694 611 467 42
476 926 523 377 201 179 102 652 500 929 670 812 381 977 95 425
890 548 842 987 481 132 278 601 426 974 801 941 162 436 257 976
877 68 317 753 831 592 353 265 96 666 1 99 499 477 214 685 898
11 300 424 9 722 717 206 932 580 327 490 407 848 15 453 744 714
504 550 57 691 107 709 556 190 909 549 791 696 565 469 267 111
697 857 625 103 251 435 998 539 533 245 402 509 134 792 13 458
342 498 153 216 439 761 774 681 646 38 