223 669 890 203 183 896 36 720 207 902 564 490 147 298 670 305
74 55 739 4 423 792 107 595 469 247 851 225 334 768 114 773 21
263 111 257 335 385 238 838 407 86 684 174 832 863 81 889 44
842 646 605 462 6 911 779 213 986 819 245 873 428 752 729 249
946 476 947 852 628 3 702 967 732 502 122 874 504 788 935 590
730 439 447 219 340 455 80 278 59 686 75 260 125 735 320 318
546 892 523 510 657 480 189 141 866 16 71 811 864 206 342 638
771 155 681 394 922 10 136 917 575 531 713 933 198 854 485 398
558 330 310 372 897 82 134 722 868 992 83 831 634 905 683 785
248 360 816 514 229 33 381 445 815 470 87 440 856 743 101 545
576 958 548 251 810 390 164 