25 605 68 925 473 712 428 324 232 36 838 963 534 471 690 617
809 46 382 714 852 662 468 937 778 980 458 115 487 168 917 735
434 997 282 414 155 903 18 645 643 197 515 152 454 511 706 498
786 790 192 723 52 20 4 555 212 62 421 166 935 348 156 553 234
174 30 525 589 423 636 299 569 856 842 664 367 357 111 739 732
947 836 787 785 129 291 16 72 60 835 810 910 539 825 121 618
55 596 655 161 766 582 593 549 803 249 108 738 22 729 920 95
798 56 118 635 71 337 373 586 720 895 15 237 443 271 398 65 424
227 780 668 2 815 188 320 479 711 366 86 208 308 167 950 575
101 460 770 860 490 807 948 377 537 639 942 513 632 203 132 401
215 399 313 703 