412 312 295 950 558 919 727 287 762 375 597 103 613 134 169 594
831 827 674 627 159 528 268 937 417 665 813 862 744 196 903 26
509 589 379 847 854 366 396 49 348 923 643 501 68 435 592 341
978 604 212 317 0 301 210 240 912 484 457 631 462 975 123 203
752 699 551 479 50 678 316 282 485 300 498 207 517 7 861 351
211 419 687 13 896 243 331 255 578 991 176 615 24 113 916 216
229 9 565 344 254 193 907 99 143 982 714 709 719 231 1 87 514
601 121 857 696 273 191 947 639 815 866 41 155 433 909 797 54
349 59 328 326 596 406 278 962 445 666 911 846 201 576 987 416
751 428 277 350 388 914 529 652 46 726 470 587 730 223 830 658
770 265 817 423 108 340 692 756 738 580 361 965 799 410 825 705
208 926 707 420 14 156 718 526 244 158 853 