803 374 780 817 453 880 143 356 365 929 219 202 819 221 770 894
820 179 115 259 908 400 672 663 492 871 402 855 661 847 834 844
74 12 654 956 933 17 451 678 18 870 193 229 302 535 16 295 551
27 487 568 463 375 386 781 381 342 61 336 399 284 764 205 194
200 753 818 922 54 899 359 93 789 592 454 580 36 671 896 199
787 210 149 934 606 627 965 254 836 252 703 809 382 786 616 35
588 864 354 716 363 643 109 559 99 689 546 913 34 241 779 561
217 187 479 190 183 854 89 502 719 938 821 246 851 88 405 125
130 904 748 993 97 538 174 261 750 373 972 188 152 579 151 774
775 516 32 25 321 520 539 609 72 355 135 484 73 740 567 897 456
761 910 810 397 541 292 800 165 168 100 43 305 322 52 1 891 81
866 936 159 160 326 