24 434 630 226 157 78 965 500 387 196 369 97 265 516 581 787
346 147 252 377 448 494 273 171 691 431 189 114 453 796 367 835
215 104 439 88 233 447 47 281 528 129 403 322 203 517 655 882
266 687 363 416 179 258 616 721 640 692 230 408 18 816 668 79
660 119 499 204 389 142 451 370 356 473 829 192 148 127 77 187
213 830 425 183 91 908 216 501 610 149 401 947 578 124 609 552
276 639 509 197 776 310 980 95 337 899 653 193 604 55 436 105
804 361 919 126 624 42 277 472 940 141 250 644 737 2 210 945
748 623 445 979 713 933 968 778 50 620 136 234 605 144 761 7
131 951 843 397 36 92 879 537 828 718 878 877 8 287 525 641 926
548 619 