375 25 742 470 432 157 35 652 395 514 223 873 566 592 750 224
570 205 302 878 381 900 306 775 455 299 478 421 274 183 90 241
707 439 211 636 119 557 617 233 318 679 7 399 546 177 65 40 325
756 770 255 892 484 738 373 659 290 672 743 258 732 781 238 336
367 312 595 704 406 753 513 41 520 106 719 809 83 718 689 409
74 543 668 252 848 997 925 569 783 984 561 760 352 935 661 696
763 429 165 644 382 669 216 472 127 834 340 971 776 12 656 214
396 282 764 22 574 716 487 11 55 132 627 454 471 622 66 469 379
321 757 885 180 48 100 292 676 983 533 758 437 125 355 804 792
33 826 505 294 251 651 57 886 26 128 650 200 44 218 562 112 884
999 120 501 875 474 182 423 335 842 198 952 599 387 71 