702 180 850 760 676 27 380 886 763 637 987 475 67 827 394 377
220 803 125 137 723 820 915 187 336 660 689 429 107 908 694 93
268 777 661 926 924 877 566 548 136 652 256 459 12 253 600 759
22 879 455 418 6 788 534 892 909 269 343 437 881 628 537 354
739 555 868 5 426 371 645 276 646 977 556 480 453 883 598 949
257 478 842 338 393 539 564 928 696 743 89 704 872 744 711 445
424 364 159 484 619 242 517 789 417 961 640 43 965 50 945 54
685 326 796 957 722 458 315 604 728 963 812 718 787 463 208 339
348 200 571 290 101 34 90 117 923 499 65 605 665 63 260 867 402
545 663 721 432 244 299 931 119 412 595 186 415 843 662 251 918
567 104 746 303 286 