600 840 978 22 297 868 533 361 463 725 821 601 262 745 388 752
791 605 147 176 199 395 494 675 90 870 688 6 851 729 683 710
640 575 398 450 991 231 810 264 161 995 20 941 266 574 749 456
203 516 597 355 764 958 189 469 278 87 789 931 287 713 418 542
822 882 477 780 585 58 755 282 158 906 269 944 599 685 638 620
480 155 277 251 5 263 650 763 569 322 232 146 84 750 687 324
26 186 500 82 440 233 895 332 113 257 552 425 49 590 83 286 873
392 619 871 642 919 573 265 43 795 109 845 626 252 289 196 273
610 746 323 497 576 939 604 474 281 242 879 326 948 527 375 794
259 195 126 644 221 875 408 867 771 191 508 300 838 133 333 740
636 513 290 564 15 365 227 258 535 589 255 586 409 528 947 68
174 758 