90 689 497 352 489 671 743 127 153 797 445 611 196 478 450 432
316 964 756 779 755 911 404 635 907 770 364 644 309 255 570 997
659 968 508 609 101 438 239 610 714 572 521 332 990 486 485 57
754 924 356 350 451 358 548 249 185 459 231 306 441 419 906 172
411 435 393 858 278 371 574 939 468 77 841 275 353 76 281 845
378 55 26 289 690 262 334 995 479 424 144 152 247 193 169 428
506 293 121 490 192 735 862 852 461 291 691 718 477 571 563 828
577 601 624 321 16 921 614 696 11 929 723 853 74 114 491 264
759 546 813 256 657 926 93 753 390 269 420 825 429 280 564 107
290 136 836 118 685 313 171 272 694 766 462 804 347 434 472 933
732 458 455 