537 145 486 435 281 237 576 196 817 548 977 468 343 330 245 708
120 672 596 169 322 968 70 176 705 262 180 243 920 759 674 374
292 347 31 695 314 717 984 655 492 786 747 95 970 943 669 164
899 709 413 501 837 344 207 23 454 298 915 727 33 356 490 291
569 192 132 737 795 631 103 557 871 204 84 783 612 284 964 311
185 431 886 647 506 249 665 127 309 218 780 325 329 400 959 951
160 113 575 337 216 91 153 525 124 922 633 860 762 219 870 201
999 997 493 466 20 66 936 277 676 498 437 835 321 263 41 361
242 838 187 146 44 544 397 450 659 989 261 38 535 812 810 411
73 118 333 877 646 410 760 613 944 824 232 517 763 929 266 270
423 162 210 213 94 61 223 147 742 483 447 509 680 427 868 890
732 981 994 364 495 583 408 386 723 550 352 6 629 422 37 667
536 986 670 110 480 293 829 394 