524 190 382 904 497 667 609 257 491 34 225 506 288 514 189 380
197 30 17 52 698 405 284 5 930 396 770 878 483 890 978 758 431
751 146 21 768 727 873 263 672 204 61 772 839 66 32 24 93 272
343 958 547 678 985 455 386 510 143 332 64 604 337 660 357 663
761 545 467 908 82 392 918 618 425 207 896 184 211 258 41 710
756 955 636 827 218 212 639 359 975 70 12 485 429 346 137 199
278 753 553 563 490 942 463 47 139 132 366 980 608 68 895 671
986 926 641 356 691 206 307 0 262 707 46 235 430 241 111 605
498 446 104 793 729 333 925 145 153 931 953 570 106 156 811 73
512 384 775 537 443 388 788 270 787 735 364 451 805 748 161 402
10 286 716 437 317 479 368 352 149 297 613 551 255 816 642 633
665 466 55 945 688 442 686 690 616 435 699 548 669 172 251 809
130 116 90 194 461 