413 631 676 613 604 684 221 233 871 946 994 247 873 913 903 33
891 423 782 925 984 375 393 60 371 952 695 471 335 404 943 179
181 809 908 743 658 29 542 706 781 977 573 577 920 535 722 634
547 319 239 37 801 906 441 870 845 8 384 489 817 11 762 365 780
336 71 126 65 914 516 626 721 26 813 484 528 314 894 437 592
510 530 851 379 459 892 641 608 243 622 907 956 229 895 196 111
696 540 937 264 272 558 86 847 401 259 857 368 487 334 189 588
497 524 470 50 350 795 7 293 774 309 197 589 833 34 989 4 294
880 303 276 824 453 395 986 23 709 38 890 211 45 248 602 255
325 473 648 295 727 965 20 668 220 633 228 651 355 389 746 697
173 714 383 882 69 85 420 476 9 805 361 