119 654 101 33 466 914 102 247 664 833 952 153 884 190 53 703
542 528 577 383 961 433 290 377 529 609 470 633 767 475 291 685
393 782 343 751 79 721 821 844 925 497 280 653 23 338 174 770
800 998 629 463 546 677 736 766 265 323 908 360 839 331 49 380
634 378 313 947 976 158 853 191 94 938 912 873 389 610 138 941
978 371 498 285 866 184 868 384 141 960 752 710 931 855 104 731
642 582 424 216 505 669 857 796 395 525 125 700 226 177 444 949
848 70 402 910 208 20 179 7 465 535 850 25 219 587 822 435 335
152 923 564 882 825 597 797 735 282 531 236 932 420 368 2 768
647 132 364 46 38 399 214 769 911 186 71 812 358 256 722 781
893 336 675 362 72 192 140 253 297 81 136 401 748 875 13 52 726
728 527 814 637 176 570 258 681 559 971 757 352 225 689 984 98
837 510 