287 126 563 393 527 590 925 205 669 489 59 277 220 105 926 519
460 663 336 182 623 496 291 664 298 429 726 660 986 253 304 402
641 992 594 613 709 567 316 100 795 116 102 49 481 699 107 269
46 536 160 15 7 848 957 76 502 862 494 133 698 906 209 868 944
90 939 722 247 909 485 636 879 472 574 210 329 193 549 75 473
401 875 963 610 829 387 465 577 697 775 815 781 866 435 391 842
476 659 176 728 122 447 184 517 344 388 280 323 437 252 466 657
113 330 681 946 226 898 424 876 248 85 706 714 629 935 321 533
922 943 301 516 979 902 152 167 677 478 136 305 593 995 631 514
608 539 591 81 598 773 493 331 537 419 213 264 751 762 806 788
647 711 370 789 366 912 170 273 717 624 421 234 686 54 384 655
518 627 555 507 734 179 354 373 658 818 553 