440 274 251 765 591 606 508 621 448 78 710 877 436 662 42 822
736 416 721 233 533 595 655 257 352 140 106 911 438 430 262 857
789 641 620 983 848 365 131 250 804 282 256 696 153 740 244 560
843 921 61 422 999 510 709 187 939 888 874 93 553 227 904 741
556 611 576 493 482 300 92 677 682 772 876 295 590 173 400 45
57 711 424 841 86 515 1 727 195 744 248 136 427 14 119 873 188
943 640 271 116 41 360 135 597 519 273 200 210 787 663 182 604
393 908 878 881 170 132 175 937 235 117 249 484 414 513 261 512
351 486 423 469 720 866 872 403 216 821 238 91 800 551 451 529
975 777 567 290 399 19 990 910 102 700 112 74 571 289 472 687
181 332 449 87 379 811 374 967 666 