78 763 45 214 421 233 690 840 62 403 345 57 607 813 892 76 575
79 924 489 207 476 59 296 232 5 106 967 30 434 871 253 589 994
424 132 746 58 297 114 990 473 3 367 203 314 152 492 845 796
440 482 395 500 767 563 662 543 334 366 660 317 438 267 831 678
402 342 384 399 80 972 637 909 839 608 817 433 921 159 19 934
287 508 886 958 685 200 185 769 211 883 153 959 49 205 806 181
8 649 627 898 719 231 429 577 541 269 257 156 846 468 986 631
617 663 279 936 14 52 510 41 970 698 147 910 4 743 716 578 364
150 832 378 778 683 897 148 789 330 191 556 467 219 933 75 265
198 752 249 907 308 451 621 347 962 754 246 770 425 650 623 400
151 996 223 784 978 139 668 25 239 654 201 836 338 277 89 295
193 