467 75 660 137 984 230 99 81 912 600 686 672 796 530 331 404
82 464 566 849 926 235 472 772 97 749 406 272 897 913 807 958
490 336 980 89 962 596 340 487 811 694 359 996 374 448 304 907
877 744 553 722 163 990 228 699 98 679 864 78 265 587 613 829
729 44 71 441 992 856 279 755 383 264 602 381 20 629 430 23 554
979 401 111 329 538 743 45 956 947 420 68 908 416 789 281 149
203 666 28 475 647 113 736 209 610 987 2 421 684 273 916 24 526
67 923 872 483 293 365 593 730 305 523 14 929 960 683 310 961
438 878 813 588 840 465 219 717 757 953 800 977 603 334 208 398
601 906 970 689 229 963 850 413 577 571 270 459 901 779 108 513
773 407 87 1 898 221 786 564 217 532 34 452 724 585 555 254 917
27 522 53 432 32 986 10 368 0 234 547 680 515 