256 885 809 285 740 172 441 804 54 142 26 553 48 917 83 192 147
215 301 430 452 580 455 173 231 109 699 641 265 21 865 318 375
816 457 705 730 327 651 100 774 348 868 532 744 547 19 4 253
859 502 646 721 968 150 309 504 484 160 213 45 219 877 728 345
984 684 23 357 270 224 314 569 134 411 385 799 60 891 827 383
787 848 406 96 449 378 742 513 151 11 123 489 432 76 505 185
112 182 282 223 759 310 703 634 211 609 394 710 135 39 886 382
12 558 999 851 745 595 500 403 983 239 948 975 808 493 954 951
642 27 872 414 325 491 221 749 957 694 102 227 551 604 392 218
590 55 576 637 63 798 347 800 722 588 292 136 517 354 460 121
