346 863 5 345 681 645 114 947 841 401 643 987 48 451 815 106
473 605 628 135 658 20 880 404 179 43 779 876 172 449 90 784
952 259 467 301 355 488 303 165 938 904 813 657 731 475 862 279
354 275 164 142 510 897 619 969 734 53 151 240 972 518 293 914
362 785 503 650 767 709 22 948 737 169 95 693 573 311 622 929
928 828 818 844 998 54 930 854 235 704 434 792 964 157 162 316
387 830 894 889 901 986 584 805 730 990 14 136 225 710 413 167
226 837 440 748 963 462 726 782 222 747 780 474 979 549 826 960
554 337 989 640 350 273 325 965 499 917 456 322 471 129 758 505
674 133 919 130 651 64 8 629 87 412 956 428 922 558 582 284 308
0 544 673 433 935 334 426 556 807 735 562 970 504 94 39 176 88
353 718 688 809 439 333 616 803 