285 993 606 172 735 50 939 414 715 213 787 488 432 709 688 267
863 704 694 7 645 413 294 824 292 522 975 467 268 321 795 803
497 854 42 133 175 893 431 408 180 623 395 305 599 147 679 690
376 258 17 59 971 202 798 675 398 808 692 453 170 355 26 87 676
523 193 347 162 192 609 707 72 387 110 228 391 243 598 903 571
947 71 346 317 504 530 774 63 860 90 235 314 561 838 253 422
632 269 908 841 401 631 159 460 796 793 399 548 373 667 434 619
362 47 722 872 22 986 642 683 56 710 731 19 513 476 48 100 669
183 705 581 904 137 910 459 747 917 881 711 417 859 495 979 443
203 163 66 594 685 200 946 729 655 559 591 874 628 674 16 638
703 596 560 375 310 856 621 369 113 814 902 177 918 681 288 4
112 286 634 664 94 923 405 95 937 770 