751 333 920 162 169 944 347 316 350 980 200 515 259 843 267 517
271 279 173 692 255 678 956 277 887 644 19 127 142 58 39 360
224 864 145 685 802 246 769 222 790 762 768 232 286 236 122 976
739 183 804 249 310 76 256 596 113 351 617 215 465 23 849 139
682 813 927 278 195 90 157 207 585 182 184 755 121 193 137 727
876 291 383 753 103 343 400 543 935 744 438 993 761 302 519 796
653 240 419 364 412 549 791 402 300 795 973 327 161 225 238 293
931 15 805 960 600 409 949 384 748 404 9 557 334 373 454 529
840 816 832 338 774 900 981 904 818 775 738 873 449 417 101 814
455 907 63 5 854 752 782 292 331 44 913 179 961 777 912 61 526
30 