199 51 167 728 879 227 179 500 815 216 273 278 908 993 698 70
560 713 986 700 984 533 932 928 461 648 120 744 550 463 857 678
910 356 327 311 335 785 79 379 73 436 837 600 82 262 918 714
177 433 297 418 876 923 138 96 26 651 848 13 945 811 491 597
733 821 522 617 398 281 346 406 349 252 154 925 586 98 750 340
567 12 174 417 437 235 464 507 866 176 425 933 899 711 479 922
254 157 585 704 88 977 958 450 15 92 429 156 247 798 401 801
867 911 320 315 735 504 545 502 952 554 271 603 722 956 988 196
245 57 370 386 689 872 620 299 535 371 239 905 970 160 404 810
440 591 121 178 380 802 580 630 767 719 253 110 645 655 589 599
540 973 60 146 524 690 293 411 643 287 362 145 583 870 229 537
289 67 773 936 470 978 215 860 1 187 