208 254 322 597 417 92 177 135 50 498 71 509 599 911 733 696
427 747 981 595 846 830 326 421 413 600 693 199 901 330 842 765
268 926 43 761 937 504 795 327 205 45 124 458 605 638 27 454
533 277 569 988 732 150 762 519 916 742 137 918 665 106 6 284
324 678 986 319 827 183 390 173 51 100 618 870 289 65 857 933
927 121 953 285 281 180 79 505 334 545 404 551 637 195 879 701
170 539 128 521 307 869 189 18 329 819 777 162 441 315 36 634
253 194 603 552 548 887 300 332 640 625 478 226 364 467 221 484
242 513 308 474 219 516 475 372 666 542 387 419 346 8 96 950
310 73 984 826 821 942 861 416 29 920 283 695 784 653 563 772
74 244 805 564 369 654 643 508 612 813 606 231 140 