891 199 470 181 446 912 507 710 898 302 555 870 99 176 371 25
285 419 861 810 180 297 895 621 90 49 413 772 183 208 709 178
35 728 686 156 56 222 200 62 323 429 722 454 775 660 148 813
826 698 701 847 192 271 786 384 531 496 743 626 442 123 692 111
179 620 91 838 510 263 143 996 766 94 223 893 279 301 880 906
965 651 632 441 485 463 942 428 146 639 940 857 314 627 353 858
175 665 827 931 846 624 512 281 922 228 34 423 6 226 161 202
515 865 191 262 542 225 296 205 374 435 611 998 138 915 417 516
88 395 586 129 977 97 808 868 206 877 229 422 645 649 232 629
726 758 747 142 24 154 173 625 860 672 748 661 636 326 828 644
349 830 544 720 982 588 832 213 339 268 525 370 959 804 115 219
311 