660 112 768 656 119 45 123 556 143 127 938 26 76 667 658 957
692 344 955 639 450 78 41 201 588 814 221 698 647 767 368 903
297 815 309 727 937 151 317 629 918 331 296 888 194 350 396 726
751 583 866 55 828 146 308 546 796 496 455 605 691 676 710 389
459 992 787 677 835 867 116 645 110 366 152 423 376 273 244 530
738 93 216 393 712 786 267 351 829 420 390 773 251 871 84 31
896 602 616 687 325 914 154 861 833 752 432 138 59 662 674 659
603 515 240 559 565 804 920 480 642 16 683 284 369 125 679 83
104 944 707 841 791 521 15 27 380 586 365 364 62 187 243 777
901 66 718 730 792 652 183 328 153 870 952 486 247 406 456 256
85 756 439 910 479 661 329 139 339 491 924 999 388 108 859 631
868 109 673 749 536 391 517 553 213 227 209 53 720 467 731 374
408 415 113 826 594 44 481 830 19 271 495 