557 72 394 941 642 299 443 151 199 863 425 850 558 849 236 186
527 173 255 953 486 848 626 144 460 150 512 585 655 971 206 166
282 806 19 832 842 459 290 628 338 284 505 556 711 191 71 303
972 432 851 531 281 100 322 292 127 487 202 930 168 412 28 973
193 15 496 758 411 143 277 135 467 222 289 946 286 791 450 102
184 943 264 713 696 790 354 902 84 265 612 574 698 92 607 921
814 54 528 409 862 777 76 982 966 470 182 797 333 237 940 991
980 638 639 406 229 776 261 454 245 478 44 677 67 860 807 588
764 839 584 174 761 592 477 405 212 484 434 351 640 847 231 906
547 441 345 388 278 525 228 97 963 634 323 701 708 133 401 393
396 