575 356 521 863 82 563 109 658 364 847 794 440 83 856 808 696
196 671 603 552 365 457 396 208 645 320 470 994 709 46 136 870
405 52 283 419 673 785 674 666 737 587 429 769 94 323 160 732
571 157 12 389 872 5 85 577 31 49 386 245 548 891 189 966 725
778 153 385 495 708 519 975 340 394 740 608 986 175 933 746 478
728 261 922 7 711 619 221 627 546 738 638 777 347 878 594 814
368 823 357 176 209 995 298 456 912 387 536 305 178 133 375 923
240 424 194 395 752 292 37 634 361 557 252 319 9 41 492 427 701
324 813 237 750 624 75 906 56 604 489 483 864 118 972 491 453
39 129 378 224 722 33 626 430 247 532 262 668 677 791 896 574
601 710 767 234 639 471 435 21 786 