923 626 772 125 940 667 345 530 55 648 837 333 543 60 676 155
874 198 176 430 419 877 534 662 253 579 611 894 674 567 531 324
687 228 932 40 118 545 89 100 17 195 58 650 700 901 8 910 143
201 375 415 160 638 451 275 9 505 96 490 968 120 863 723 191
367 114 479 247 222 442 355 726 32 413 862 508 456 783 101 52
475 59 258 257 986 553 387 459 268 403 180 135 569 622 521 835
631 861 621 304 625 912 76 527 873 320 730 981 996 632 813 997
70 273 695 868 905 741 48 238 969 555 291 83 4 888 271 98 177
414 372 497 661 537 808 832 784 678 168 960 936 286 574 343 702
652 846 377 744 613 202 194 18 961 729 51 364 428 314 831 640
71 517 315 736 742 812 679 775 841 732 659 154 