497 692 133 941 207 689 784 678 542 881 733 438 93 305 947 450
839 203 747 162 986 584 489 13 175 759 295 289 448 691 59 28
152 627 210 534 605 34 102 15 281 218 500 17 794 363 247 516
149 800 424 782 993 142 126 266 704 208 543 667 565 927 631 601
267 738 814 241 965 932 952 252 300 11 535 994 838 602 244 569
626 817 253 344 538 890 312 931 494 785 659 56 859 911 319 27
775 544 668 871 813 676 109 649 902 550 466 243 83 513 873 706
508 548 910 373 417 372 863 940 991 864 284 579 198 229 115 14
286 192 765 22 135 934 90 121 269 884 581 278 745 796 900 376
948 853 0 561 76 41 220 868 234 950 778 866 1 275 487 32 751
320 354 899 539 847 342 290 876 496 976 831 521 173 333 989 48
783 314 624 72 361 383 969 237 217 288 865 47 926 348 875 930
743 666 99 248 582 419 520 