313 552 209 135 526 679 917 818 648 817 396 52 663 240 265 446
352 554 999 762 212 931 992 574 493 775 743 236 107 351 125 681
504 201 701 616 217 302 220 710 172 725 145 393 562 186 230 165
218 897 419 111 115 151 904 373 873 316 703 499 432 102 406 963
582 498 550 878 60 731 251 348 74 357 276 417 621 109 257 790
934 269 989 726 133 745 609 26 748 567 860 285 149 622 998 893
39 765 942 664 314 325 327 896 205 234 570 887 389 233 174 355
641 687 644 27 922 699 241 967 124 541 49 320 231 185 229 808
536 689 182 476 33 181 429 587 602 65 264 177 637 545 700 947
173 22 593 475 156 459 154 879 861 193 553 850 192 431 67 964
42 866 561 754 