956 776 724 503 623 436 400 812 568 63 46 998 28 993 603 266
572 565 972 24 923 253 410 900 741 629 459 50 662 918 713 739
20 58 126 912 137 68 902 335 610 678 656 792 369 496 177 139
892 663 554 198 606 150 583 796 877 244 115 570 864 45 365 94
563 446 148 395 5 129 347 383 259 477 432 738 121 514 279 930
513 666 854 601 386 358 61 805 332 641 175 889 331 283 694 40
704 375 210 769 123 83 101 992 594 311 881 225 437 448 116 988
593 470 17 486 155 845 552 721 119 940 356 105 349 286 701 207
398 66 961 57 194 274 81 574 816 23 692 371 107 21 457 675 407
947 404 74 374 49 324 422 518 703 433 975 414 73 611 927 632
887 500 93 242 439 333 642 910 368 737 756 303 868 821 818 791
746 644 888 350 1 380 234 707 528 351 54 250 29 967 203 224 493
