37 795 566 338 51 643 244 390 239 168 772 622 309 161 445 207
782 481 938 23 157 971 236 635 381 873 890 233 823 226 714 854
603 337 331 930 125 981 519 483 17 208 471 159 106 223 72 786
211 804 45 149 813 383 432 34 33 544 737 329 976 857 526 886
652 257 98 327 523 254 668 614 649 829 278 773 87 32 375 540
110 221 879 97 593 365 709 850 88 11 465 866 90 913 955 15 545
62 579 808 350 700 415 599 431 250 203 495 512 256 586 39 780
747 10 502 966 769 508 859 494 818 91 845 53 583 314 901 108
897 344 422 871 642 196 914 262 343 130 316 940 169 348 297 745
198 58 735 280 363 618 549 610 455 964 180 434 469 382 282 60
681 985 687 116 418 860 