13 718 287 372 876 50 331 535 230 116 282 811 25 723 561 521
507 326 150 872 865 458 746 20 217 747 629 159 153 272 147 378
569 929 347 467 566 136 930 649 173 659 352 420 264 343 178 720
937 651 181 410 602 84 121 672 90 86 276 687 758 334 821 771
887 703 927 885 129 637 73 620 198 598 337 840 491 733 716 725
807 958 117 489 749 341 812 440 202 814 756 354 259 906 852 78
496 406 201 642 738 850 581 404 901 815 691 71 61 792 544 631
681 766 645 943 403 787 308 32 156 466 992 485 889 646 640 96
299 490 413 423 168 859 191 305 309 58 57 596 386 996 154 328
134 765 949 701 639 165 899 138 816 501 461 0 94 586 923 664
534 510 739 233 234 242 155 849 547 543 100 654 188 980 110 315
939 981 984 963 122 8 471 946 931 