946 567 234 287 552 524 70 837 542 857 562 695 113 523 296 96
682 6 943 4 398 63 457 681 608 304 766 224 28 745 208 9 771 863
55 518 232 19 625 568 668 626 810 358 241 159 835 374 622 740
513 134 366 384 132 494 156 216 328 777 84 640 359 312 490 363
769 152 816 935 526 849 962 776 194 485 205 841 189 255 599 630
397 839 66 920 120 13 814 711 715 900 510 801 79 388 989 944
292 165 131 761 248 941 94 955 72 505 638 260 597 258 129 898
93 415 193 0 844 569 173 624 295 61 913 736 141 521 787 14 335
712 95 458 231 130 717 26 621 27 338 90 699 790 756 949 44 532
400 440 81 365 116 405 959 850 975 915 392 683 636 730 185 276
710 591 121 819 988 126 522 315 249 92 330 601 250 721 40 677
669 581 658 818 750 515 237 690 266 43 674 318 584 425 102 