109 933 80 430 559 704 225 577 275 425 43 205 271 816 186 606
398 813 126 32 138 826 206 255 723 261 843 10 932 443 767 51
30 445 834 534 786 934 40 353 855 859 715 591 789 637 609 550
19 931 176 50 760 235 5 316 420 399 977 396 313 849 774 458 543
928 825 383 765 841 622 53 975 889 254 762 858 850 878 492 713
863 877 597 822 27 505 95 844 571 656 784 435 348 345 565 203
642 732 180 792 216 204 886 253 461 512 520 599 547 63 290 699
33 166 175 329 486 129 930 706 952 528 982 17 652 210 230 36
281 555 999 201 415 827 664 972 602 374 52 915 558 326 20 626
232 190 105 943 644 286 375 769 330 149 130 634 988 947 352 903
2 967 780 996 215 167 328 178 506 118 504 965 296 343 539 803
237 257 993 958 439 666 953 121 897 66 771 208 332 