614 651 277 264 597 140 320 857 971 428 629 399 951 115 666 188
580 695 694 683 712 605 545 940 868 338 561 944 620 53 462 166
631 706 233 433 178 37 656 828 198 423 624 13 116 231 809 546
782 434 40 715 632 3 803 304 552 852 970 266 570 859 617 745
582 200 924 956 771 963 395 942 87 466 464 780 923 946 842 368
843 938 41 164 242 879 882 539 288 559 812 838 880 775 665 760
209 167 387 153 418 421 784 370 689 149 836 260 834 534 417 431
489 83 806 293 249 228 98 737 171 510 961 703 655 684 905 601
289 285 502 110 16 654 811 446 444 97 895 610 269 66 499 91 514
941 351 878 398 573 258 455 875 660 240 926 657 183 402 955 1
65 609 34 227 360 608 698 901 252 722 226 76 223 592 980 915
850 172 965 772 869 263 982 308 708 985 7 274 15 830 847 894
725 530 