452 810 255 102 85 396 641 955 256 563 27 371 715 399 205 674
43 319 670 57 415 96 631 696 912 832 669 171 242 872 268 470
310 562 495 418 290 837 928 471 11 120 764 996 45 750 73 841
420 275 237 447 888 123 384 451 886 627 272 456 741 638 804 948
624 917 352 921 15 424 691 519 994 71 466 308 931 347 299 282
584 19 585 979 826 633 537 122 440 375 431 844 229 46 879 230
946 432 425 985 509 401 818 53 89 280 694 793 897 149 39 937
306 984 172 112 635 203 40 851 323 510 554 289 30 865 479 600
671 472 485 478 3 408 127 752 773 463 566 378 682 536 792 374
333 48 274 954 489 448 361 731 623 144 683 859 906 545 95 434
433 160 360 