200 751 327 539 328 852 31 915 676 247 34 767 801 248 933 174
758 808 255 369 667 475 453 469 483 2 264 388 307 116 253 990
610 750 251 380 260 49 82 839 14 634 681 853 464 979 811 917
528 965 777 842 3 333 440 959 173 204 800 759 843 240 401 716
495 729 924 984 958 142 816 765 91 956 918 311 650 98 609 848
731 95 216 26 225 527 408 989 946 889 234 775 378 844 615 655
427 640 181 436 213 265 611 422 838 157 298 526 432 96 970 660
170 752 575 871 330 863 901 525 59 350 876 635 826 727 632 486
397 479 385 645 392 113 217 286 221 757 723 485 383 905 943 679
586 236 278 556 461 741 625 22 725 508 387 150 455 520 593 299
452 160 941 966 138 335 309 778 512 316 939 914 371 291 365 250
922 451 389 223 503 18 352 80 