757 560 568 577 691 350 986 133 135 169 667 386 474 692 737 817
557 327 193 170 969 189 883 222 388 355 366 285 806 957 250 114
160 389 244 846 572 700 544 756 977 886 48 907 38 657 186 158
142 138 406 112 24 621 301 203 243 799 200 69 47 427 215 749
439 178 140 63 555 787 488 324 401 272 329 162 86 782 689 487
861 291 734 679 263 908 959 11 710 840 575 789 402 36 281 551
60 198 896 989 395 146 506 831 880 241 837 480 633 448 380 900
229 9 929 925 741 771 513 868 781 449 405 62 950 662 714 634
218 117 494 107 894 516 153 391 120 864 792 903 59 996 793 268
234 493 98 35 168 511 571 622 313 707 769 103 16 678 431 736
609 570 161 80 932 277 614 105 674 28 632 459 539 417 807 527
373 878 918 425 677 644 143 827 298 856 27 300 246 589 330 208
680 814 25 946 681 108 44 97 