633 881 403 534 828 227 499 680 90 58 672 553 908 735 369 501
132 812 545 396 410 8 547 569 324 823 893 726 989 772 542 308
924 213 392 311 900 570 458 502 334 683 628 863 352 927 664 562
490 421 621 176 106 729 222 428 991 443 203 80 312 967 864 955
133 172 724 218 858 27 632 889 941 429 179 255 349 836 784 186
435 629 875 259 361 936 182 634 262 962 766 441 718 938 798 551
668 325 45 353 88 412 191 431 477 12 126 326 468 745 10 971 211
940 204 765 808 260 383 295 913 541 297 887 378 195 725 72 489
525 19 770 851 778 516 57 216 830 85 122 320 685 462 613 275
445 722 470 289 200 102 746 467 986 610 407 177 379 890 4 269
512 523 