378 47 303 936 56 842 249 707 667 243 802 642 361 780 914 15
820 620 261 30 250 382 819 809 778 866 929 320 403 137 615 880
560 406 232 838 46 384 143 246 998 284 61 536 592 408 479 486
135 242 556 181 906 741 371 367 359 889 292 315 649 743 526 552
286 932 310 671 268 321 602 131 951 877 435 963 875 833 74 404
738 347 897 69 785 783 49 358 882 374 803 472 713 281 890 923
862 693 709 134 499 113 463 307 159 676 756 690 179 172 414 942
759 253 237 652 821 659 497 912 776 65 68 212 81 832 111 362
427 745 430 394 934 389 215 760 103 287 784 274 657 719 543 397
51 870 217 238 673 437 474 429 319 997 449 259 349 123 391 617
937 323 827 381 970 739 752 433 622 605 955 311 421 470 336 779
628 974 