782 766 742 90 673 483 415 396 10 305 583 147 624 702 14 137
96 352 640 139 391 694 851 917 862 213 307 886 545 111 22 467
282 549 678 413 386 761 887 544 915 836 360 941 870 542 197 74
54 793 363 606 804 939 983 399 944 990 84 251 905 261 2 867 584
145 503 133 522 423 342 597 572 989 491 359 630 956 260 651 185
350 408 490 664 210 204 895 784 208 291 893 667 625 458 1 590
602 898 432 787 93 705 358 645 563 900 201 934 89 267 497 909
938 965 289 586 473 244 31 750 598 75 515 496 73 516 849 687
431 903 55 481 191 259 783 629 780 249 94 38 12 800 703 223 511
539 631 730 127 446 623 604 292 184 798 940 686 675 440 183 20
220 756 896 50 46 387 653 722 969 929 720 262 257 884 