739 650 198 862 140 185 296 905 891 6 11 373 514 278 376 871
861 107 392 445 402 285 666 975 498 832 251 395 13 611 449 225
248 980 44 261 62 569 4 466 927 921 412 157 235 242 533 213 303
606 548 90 656 497 820 464 216 479 221 111 756 984 110 966 141
557 904 204 20 43 646 653 291 366 63 657 236 920 188 426 401
460 354 244 588 916 145 240 161 29 849 124 899 815 59 495 219
367 262 803 234 423 641 672 379 568 469 585 153 690 554 811 511
908 873 146 941 50 421 369 868 983 932 934 103 193 384 382 523
336 143 629 334 537 436 360 913 727 205 596 997 573 364 417 707
372 960 531 942 957 450 831 734 446 940 227 315 230 852 566 311
532 499 990 729 999 231 17 79 