816 415 845 882 259 206 919 832 665 762 582 515 829 941 372 346
507 344 547 728 991 757 787 36 454 329 133 144 754 696 273 470
497 527 875 616 86 383 594 879 78 892 740 442 285 254 252 369
28 339 686 84 294 42 558 509 72 180 165 97 15 424 867 356 777
370 201 313 5 858 985 397 969 564 556 410 808 528 638 546 243
975 122 473 464 565 137 93 101 512 518 956 136 908 907 637 797
803 926 802 891 399 75 692 325 725 736 328 161 838 661 229 292
182 592 66 584 532 642 669 267 94 241 61 842 35 493 910 897 392
635 7 885 511 675 517 435 865 215 406 644 177 751 108 476 107
973 427 874 6 778 139 502 85 387 521 376 707 825 940 413 935
688 408 124 920 366 555 658 147 318 953 225 988 432 859 630 288
231 242 948 102 641 37 770 883 255 794 79 174 986 495 928 538
81 771 