78 197 684 650 251 696 305 504 67 554 603 882 614 147 437 911
864 246 288 706 730 227 973 178 661 641 150 636 771 849 240 2
196 648 166 626 427 110 507 486 428 732 281 940 664 362 799 569
685 829 708 807 695 125 337 593 115 324 746 117 710 534 322 702
142 94 872 725 287 452 745 888 457 764 983 869 992 107 542 587
776 347 578 715 488 136 586 623 604 860 351 886 440 282 167 577
892 899 543 95 967 439 83 436 893 98 790 703 919 200 395 778
475 957 642 29 505 955 382 556 531 114 801 501 27 847 71 522
564 728 316 712 526 968 350 859 916 670 226 653 828 113 307 247
773 193 225 481 411 466 798 744 637 683 252 740 856 129 460 139
865 143 199 758 34 328 253 319 613 