851 977 282 426 469 355 617 116 307 456 267 388 491 174 594 161
670 858 425 492 48 49 435 808 485 113 422 571 397 920 580 90
144 863 66 853 468 29 857 700 390 648 908 811 548 347 624 925
810 703 525 945 938 798 739 310 420 73 523 199 536 972 872 839
834 176 471 478 558 380 70 54 865 479 371 162 461 950 903 697
292 866 998 934 219 122 517 930 750 431 281 505 389 237 599 411
651 889 864 223 495 56 504 170 882 608 813 515 378 283 742 233
210 472 105 745 467 18 369 164 754 560 418 807 644 405 438 382
941 702 553 247 748 57 513 852 588 718 117 969 91 540 793 402
131 34 761 133 450 989 229 399 564 819 436 470 171 216 983 15
753 321 544 683 545 137 36 759 341 871 875 112 202 358 985 440
581 919 443 322 168 636 488 396 103 296 805 643 58 459 183 253
248 904 528 37 692 