673 754 290 32 505 730 785 661 692 638 935 882 989 782 560 368
114 892 725 167 637 958 151 830 273 347 583 808 860 668 558 288
406 232 308 530 115 19 850 351 132 649 195 107 200 721 781 955
703 95 414 435 141 137 521 183 466 177 987 891 440 747 977 6
65 281 828 988 780 547 662 697 606 659 995 22 829 614 438 81
77 97 720 757 677 748 277 827 762 116 741 910 237 886 578 472
702 279 509 35 316 650 682 289 145 240 305 291 847 71 737 334
199 981 689 476 967 229 851 117 566 463 793 541 867 859 919 322
931 533 709 475 280 788 884 913 833 134 803 549 109 320 640 49
129 38 542 739 249 963 89 575 34 786 26 278 23 770 621 47 495
814 