4 236 459 949 172 698 534 697 725 429 531 463 688 828 425 77
439 470 133 293 258 53 156 273 63 679 400 500 962 161 774 170
928 311 44 18 324 628 692 570 98 715 199 285 618 257 848 73 401
845 194 183 154 643 923 490 940 504 776 19 444 182 480 856 35
407 266 756 665 798 914 965 913 858 634 674 495 834 482 737 992
132 268 309 438 684 519 853 335 178 629 391 458 89 270 635 844
350 469 206 571 330 467 120 769 613 0 93 354 763 520 187 430
225 81 727 801 37 755 422 910 157 58 485 125 735 250 113 11 564
557 637 964 553 102 145 380 408 950 616 996 262 780 259 879 265
535 3 298 792 690 934 805 376 346 97 585 540 972 615 975 446
200 95 