86 822 826 611 650 268 951 473 921 211 365 762 30 141 57 598
59 456 112 136 223 252 69 193 77 942 172 610 562 90 588 963 5
910 70 205 517 908 159 771 7 447 819 578 827 868 346 332 927
612 278 764 879 432 644 452 614 684 619 462 85 599 632 876 898
466 164 78 741 352 45 633 882 852 208 501 437 700 305 264 557
24 199 793 322 947 470 62 368 297 553 88 200 401 966 336 370
766 169 904 109 480 820 308 907 742 575 129 338 856 680 333 810
890 697 679 710 190 216 476 84 683 116 227 417 139 665 516 994
895 935 758 934 177 349 454 103 648 23 824 878 206 448 344 276
778 40 75 289 880 539 304 573 843 279 126 991 96 701 22 705 422
595 176 528 912 309 130 65 439 618 794 154 781 156 512 804 236
282 685 526 143 499 451 642 958 393 731 556 772 430 933 