48 171 693 257 555 400 878 377 292 641 592 92 896 143 864 639
149 525 767 9 625 794 674 602 573 358 14 911 249 861 161 867
975 324 481 880 264 820 677 494 443 240 960 627 57 810 833 349
430 107 22 732 586 885 472 263 933 536 795 974 142 134 621 104
338 970 834 725 579 488 534 789 741 294 744 871 506 7 595 860
144 949 471 587 373 271 783 559 13 408 399 758 509 354 333 299
985 172 527 468 347 388 859 375 736 274 428 869 925 289 47 554
52 252 924 765 203 403 40 781 830 463 361 207 807 500 597 416
75 813 437 676 857 898 891 480 262 97 139 374 150 825 854 640
847 976 996 288 603 55 80 918 246 620 565 991 210 887 917 964
420 645 774 939 387 445 809 577 213 312 310 988 657 916 436 103
261 313 549 824 102 902 212 