218 161 323 903 381 912 133 881 943 130 416 873 446 86 663 222
824 178 299 63 199 490 736 399 305 400 504 967 120 283 770 99
106 955 351 196 522 492 919 288 424 107 987 393 774 432 242 509
615 821 577 6 894 933 331 672 259 128 700 583 369 866 556 651
925 326 533 260 475 496 783 785 329 461 753 913 717 327 131 183
296 904 696 719 483 946 547 268 952 997 905 437 568 378 219 749
445 828 835 365 802 215 837 117 654 301 572 42 9 910 444 254
528 614 449 320 200 945 173 602 954 685 559 553 345 362 645 523
942 464 825 947 521 231 800 78 353 766 758 377 859 650 372 797
535 948 648 375 477 607 892 979 971 744 712 960 31 679 871 319
208 669 