238 203 591 775 882 699 178 564 554 781 675 508 520 765 643 605
362 875 22 919 850 535 966 56 234 483 651 43 323 349 889 273
522 976 352 208 21 127 653 592 634 705 504 173 568 766 201 271
426 255 420 502 657 172 885 460 620 695 693 389 381 227 346 800
468 196 357 193 762 681 20 737 414 873 827 279 789 613 904 447
25 48 133 121 514 316 295 791 372 379 174 987 236 90 684 970
63 456 89 931 997 251 60 399 277 309 228 998 450 86 711 817 336
84 347 528 543 54 444 776 552 481 984 793 840 722 429 567 292
421 191 443 649 848 325 386 930 700 556 39 278 320 165 348 676
469 35 759 594 812 424 957 679 665 471 830 282 734 763 822 688
24 220 33 31 881 299 739 32 306 46 917 629 356 423 938 184 114
844 361 281 289 689 946 575 373 495 58 993 388 298 943 96 79
843 476 532 