987 141 594 309 956 684 154 402 118 306 676 805 761 989 188 267
554 693 334 452 911 235 95 37 201 886 923 843 364 288 251 458
947 174 518 580 705 247 215 165 353 61 932 257 752 448 68 918
822 474 564 279 380 445 514 366 140 236 629 499 290 697 386 418
968 874 80 977 649 638 327 917 107 733 316 420 736 592 332 130
800 839 345 632 563 871 352 819 126 437 405 623 297 891 790 933
921 148 242 343 602 74 539 127 101 797 928 300 313 521 646 841
12 442 939 725 383 365 261 542 262 515 151 31 896 593 758 680
89 131 415 207 302 239 664 660 255 739 576 847 779 527 553 567
493 419 937 363 988 575 218 443 212 432 856 526 273 903 391 622
589 122 616 863 406 199 788 566 184 569 711 349 426 718 341 832
770 29 610 867 150 900 544 222 769 764 