666 829 750 508 489 932 644 989 468 893 647 223 962 550 605 519
996 982 99 718 192 480 30 520 248 717 974 6 636 482 35 187 317
88 199 817 10 310 120 126 528 772 986 929 40 202 686 798 917
900 706 571 560 130 408 154 27 665 700 307 572 405 394 840 343
255 200 461 637 175 824 538 146 233 174 349 440 387 542 323 251
529 253 158 398 268 311 608 322 151 217 820 799 759 498 90 942
661 237 870 19 58 57 66 24 936 938 534 61 250 345 758 635 629
244 131 184 341 274 470 213 823 201 384 342 381 746 703 670 34
117 389 168 283 292 483 488 25 219 663 680 627 604 272 896 967
630 122 874 735 514 510 50 809 575 749 760 163 992 865 491 819
427 902 536 447 132 14 410 757 497 804 87 934 371 214 208 905
607 216 330 486 287 56 