174 315 421 774 985 89 923 510 253 875 196 254 946 979 18 506
588 103 564 440 622 260 248 873 13 576 49 463 998 746 47 125
845 12 416 789 644 352 333 672 675 474 138 934 413 612 79 941
195 111 29 926 369 314 932 182 277 909 976 294 428 703 768 34
838 360 636 200 869 606 805 677 629 9 689 797 289 67 340 266
146 634 240 899 160 140 878 583 499 968 96 74 274 649 852 215
921 402 180 616 164 720 486 393 269 238 204 924 32 931 529 685
575 819 834 542 275 270 377 818 201 171 641 288 445 752 621 580
257 600 10 910 977 762 832 192 896 541 637 857 481 121 951 226
846 426 513 252 680 626 156 36 654 585 493 491 186 511 492 366
261 743 638 749 566 604 40 168 199 163 309 137 895 