515 196 119 191 25 240 895 553 829 403 163 500 59 343 358 888
19 910 110 11 505 425 158 141 4 302 203 914 851 461 305 743 720
29 211 512 537 298 312 686 753 237 145 61 989 319 409 378 529
442 204 175 674 460 985 639 760 708 104 453 965 76 287 513 222
707 362 655 624 637 983 457 766 155 721 101 134 165 733 840 497
685 334 762 885 322 601 480 738 514 493 353 823 792 288 539 335
684 14 479 82 314 227 625 731 361 408 806 911 253 645 209 468
435 41 109 740 152 15 280 290 151 791 184 311 118 599 427 833
239 797 278 274 652 452 42 702 113 23 21 429 244 949 261 843
634 502 846 402 221 930 213 269 698 389 626 17 144 666 947 781
117 99 641 228 737 974 164 45 160 149 356 161 564 787 854 413
28 93 980 658 387 316 388 39 202 523 929 799 291 927 808 257
430 988 355 749 746 549 770 