528 994 554 344 320 831 165 609 911 644 746 168 833 847 211 550
258 535 964 293 374 717 820 821 282 226 72 854 739 203 844 447
508 41 706 525 969 667 368 894 506 920 405 32 375 206 957 611
679 901 433 548 410 852 896 511 673 429 24 761 30 361 681 680
563 53 184 985 853 420 250 670 392 345 848 300 909 700 513 789
517 889 737 481 510 316 406 707 63 116 732 386 503 599 963 842
193 849 547 415 289 584 237 541 725 775 728 167 826 9 71 404
120 851 792 39 931 89 590 75 811 883 395 325 435 452 174 469
543 441 856 445 527 651 518 231 839 187 669 236 367 860 309 290
414 157 551 866 479 674 922 530 987 245 185 668 366 908 608 845
183 755 451 275 898 142 501 60 339 387 3 225 442 0 19 396 80
997 197 