599 866 468 147 910 56 190 489 26 413 634 404 274 33 219 47 958
356 208 679 238 683 919 760 443 417 15 526 16 754 25 81 716 879
918 415 501 627 740 771 780 426 888 538 704 584 377 436 434 218
817 332 397 808 678 239 582 112 19 537 903 95 987 204 510 927
662 215 492 107 965 764 275 23 522 255 673 686 785 711 104 789
261 812 853 580 719 909 131 488 285 912 29 221 857 649 428 608
632 286 100 945 955 119 134 540 352 45 709 32 654 117 790 884
135 305 311 745 977 619 856 481 994 874 446 581 7 536 788 842
169 569 59 964 246 567 805 136 838 782 685 652 539 185 49 776
359 521 491 624 182 265 419 647 181 862 939 403 372 722 273 970
18 420 626 400 57 