872 120 749 311 795 196 296 11 406 621 449 533 880 161 705 437
667 6 553 297 101 217 938 507 576 176 784 849 494 88 659 941
154 301 663 288 151 831 588 922 391 89 433 262 583 92 332 674
424 358 857 254 40 212 492 649 624 474 377 153 339 221 959 757
811 745 376 776 513 906 206 785 133 261 414 3 412 856 394 512
16 844 362 109 438 350 294 395 58 397 632 773 569 942 935 973
903 572 385 820 387 76 222 60 479 360 320 848 682 455 565 440
765 51 54 704 998 644 260 610 27 193 996 787 983 282 877 366
893 31 14 473 126 293 634 502 713 290 478 791 802 761 46 69 645
836 543 115 929 2 581 352 712 80 323 244 731 62 733 52 534 375
77 830 615 756 619 503 536 611 41 858 55 309 939 