232 799 364 490 786 492 672 449 927 163 362 339 682 35 323 521
18 7 350 730 422 109 423 571 662 216 874 142 117 823 744 962
44 278 182 233 781 604 722 875 666 72 921 862 652 668 24 235
384 159 524 570 31 937 931 413 852 976 236 901 608 168 997 541
219 359 835 227 388 467 129 807 172 701 101 207 710 880 846 230
966 114 751 958 572 646 76 511 318 417 25 64 477 592 452 713
832 406 678 506 73 765 457 173 748 854 936 196 980 294 127 191
656 302 282 628 351 975 218 288 903 92 51 130 17 39 576 254 549
504 91 567 440 900 32 821 301 365 131 636 100 767 67 443 5 808
747 650 871 867 757 944 860 552 102 276 530 905 519 280 815 135
619 556 461 848 424 374 107 745 110 228 776 858 953 65 866 764
464 772 891 94 380 460 