813 459 162 992 476 271 75 345 281 2 558 805 422 818 960 840
62 866 22 608 181 11 754 602 8 420 499 475 208 574 654 220 136
367 196 520 661 375 756 576 991 831 287 864 237 533 209 31 772
524 203 620 79 423 867 902 817 350 462 30 431 990 509 570 486
170 740 760 655 482 99 575 103 658 612 518 862 19 634 173 40
206 443 741 254 43 405 497 244 980 3 716 556 580 611 508 383
763 718 757 616 372 245 388 311 36 364 309 851 458 291 365 775
656 12 489 250 150 329 683 697 807 376 977 563 859 548 39 432
65 724 687 713 227 719 53 541 836 948 15 183 332 969 323 320
340 559 295 605 63 146 137 442 783 437 124 564 532 623 795 698
133 714 877 253 464 73 722 739 178 391 776 42 399 