460 963 449 434 746 951 945 969 409 588 263 797 733 143 324 258
199 706 527 9 869 924 205 648 69 494 128 309 899 401 768 301
959 982 871 164 282 603 262 156 851 279 296 211 571 922 832 517
366 697 370 725 26 127 865 448 569 839 474 237 328 531 937 735
208 825 615 457 5 930 117 581 372 765 432 435 664 322 359 553
47 256 669 219 103 34 123 551 532 710 422 160 308 310 739 481
774 855 227 900 879 112 919 908 84 77 388 380 641 342 381 209
318 556 272 601 940 23 886 356 395 698 948 89 174 162 74 690
106 607 53 325 705 842 49 343 744 757 35 76 266 878 510 685 491
403 629 815 338 130 677 45 910 110 790 204 912 907 837 975 161
214 661 830 336 341 153 321 714 261 659 732 346 621 207 579 236
33 729 461 939 259 190 421 946 680 769 335 31 743 692 183 778
374 693 24 801 574 