177 337 124 78 467 27 424 339 108 253 161 841 915 968 247 110
38 43 596 134 905 58 562 999 71 584 117 507 732 265 990 509 970
218 288 456 422 708 52 950 502 267 651 489 787 942 388 209 321
981 989 620 21 782 642 100 322 181 558 474 285 220 333 917 187
523 423 783 550 754 99 614 916 158 506 960 938 384 798 57 719
273 283 119 172 517 358 126 488 568 136 278 888 82 543 947 29
77 602 448 369 10 336 759 816 207 451 444 400 83 812 44 555 327
255 979 854 186 793 189 59 803 225 569 452 561 486 198 835 341
274 236 455 343 22 909 678 266 992 639 580 520 461 56 429 139
522 473 773 175 72 25 834 991 861 820 512 840 802 935 663 687
140 603 577 234 809 105 847 500 159 382 