303 749 590 639 677 605 444 564 731 824 31 137 421 796 60 185
511 20 384 939 240 311 515 944 494 819 804 465 255 925 447 676
753 785 585 780 450 763 369 700 533 175 716 61 589 801 306 709
921 854 108 235 217 535 997 541 629 697 881 178 429 876 446 929
652 855 767 826 273 849 963 351 933 16 718 640 274 502 548 510
360 565 86 58 506 264 738 15 419 776 620 476 645 970 371 792
159 703 223 815 310 53 406 520 932 866 954 340 518 918 600 473
618 496 771 761 332 961 551 183 828 72 892 129 228 798 247 479
729 654 643 915 401 891 157 177 717 23 252 696 54 570 75 622
770 591 198 745 322 536 431 790 189 66 872 17 859 903 609 236
660 14 229 602 50 203 