860 345 800 666 690 680 354 766 23 928 481 77 364 295 163 457
642 142 209 429 46 713 352 880 936 105 397 371 349 384 404 551
799 582 253 116 415 111 740 671 664 484 859 812 389 755 468 35
577 419 739 588 703 130 966 507 208 970 738 124 944 467 641 746
440 807 734 775 768 485 212 393 761 0 395 875 653 946 128 897
112 783 240 563 18 977 373 366 978 718 704 843 24 362 837 862
840 645 689 145 300 474 784 725 858 792 283 607 677 226 986 781
895 640 357 574 95 413 801 564 375 953 743 630 284 106 464 969
292 1 892 7 898 619 479 661 735 27 487 448 867 491 64 591 598
934 600 140 513 247 791 61 793 696 904 939 675 236 893 906 760
876 758 405 374 782 