634 230 561 768 505 838 303 769 392 506 236 155 969 734 851 570
121 988 834 402 972 552 264 764 805 931 559 794 128 105 300 342
681 763 840 275 547 904 353 821 431 884 788 488 532 426 577 885
25 84 401 971 35 970 81 908 793 539 142 411 641 374 263 766 523
265 112 246 443 853 837 494 146 714 562 702 24 295 136 120 651
849 103 867 47 950 6 349 767 175 835 395 44 855 57 184 340 378
736 70 10 245 875 20 173 534 620 377 301 605 579 571 911 288
691 234 324 106 179 217 756 759 594 542 36 981 436 162 51 125
114 143 110 621 95 429 147 479 942 384 602 938 999 806 639 711
593 541 0 356 668 722 891 923 779 221 578 456 644 54 742 160
654 475 870 19 439 72 643 210 645 398 633 624 331 886 192 297
684 166 203 204 