590 241 868 91 816 7 933 384 951 928 593 935 47 332 643 127 661
177 416 678 273 731 295 700 109 580 148 362 996 638 992 79 410
315 136 980 585 960 204 822 675 452 546 27 734 511 531 298 35
344 165 411 366 735 329 313 806 117 581 461 777 124 704 200 40
553 974 4 432 936 345 527 950 445 19 779 405 150 758 176 252
169 744 801 743 923 618 805 517 454 440 782 58 88 248 126 668
798 78 941 369 773 168 959 691 617 402 844 839 333 966 524 460
501 660 270 44 100 216 905 672 552 611 430 13 456 162 227 763
963 317 102 314 215 477 654 874 833 257 348 293 255 631 902 684
296 946 479 507 201 24 276 945 667 6 794 968 740 125 729 390
790 234 