216 711 272 19 417 903 438 596 483 85 475 948 598 905 389 880
515 445 873 767 973 48 773 919 245 482 143 898 468 348 51 542
835 201 366 243 949 416 818 501 49 286 566 802 356 230 559 932
628 846 983 610 132 667 122 212 556 791 632 643 825 448 346 871
301 635 487 377 814 710 532 739 737 664 281 805 957 185 727 58
571 996 295 395 869 517 738 586 237 575 826 372 258 369 375 588
585 927 609 305 569 105 285 244 617 548 783 909 885 750 626 241
921 889 229 521 141 315 690 15 665 770 997 572 329 658 809 988
989 175 555 320 570 681 227 187 236 964 832 858 260 345 480 938
423 514 695 344 157 972 14 274 531 334 512 397 341 161 806 811
290 102 539 337 409 289 673 819 759 625 599 207 220 261 604 177
636 593 722 127 35 365 