221 972 105 670 273 793 59 297 222 172 130 758 71 685 512 413
385 505 925 122 158 662 811 137 578 445 268 228 654 742 390 917
124 207 506 602 283 453 624 206 214 533 995 501 801 444 940 554
579 584 857 117 423 850 331 83 20 73 335 324 178 386 971 144
410 564 135 321 496 315 570 709 356 189 483 412 154 528 383 50
743 365 296 546 440 333 418 905 964 994 30 646 949 900 216 374
996 167 87 845 405 123 313 426 261 623 587 725 464 580 336 671
724 635 783 592 711 156 290 21 140 125 42 597 534 437 993 114
852 797 829 327 614 937 560 637 576 615 589 381 536 643 379 16
329 372 148 334 828 766 901 672 392 807 916 6 133 860 85 803
345 772 875 174 68 414 370 767 519 705 277 348 632 880 492 181
885 407 180 844 849 165 639 28 842 57 545 484 939 522 721 