47 615 9 902 213 564 665 298 896 975 971 279 874 108 920 918
677 894 120 380 706 792 36 733 766 757 829 789 641 372 261 389
123 162 830 105 507 457 78 703 235 841 4 552 1 239 269 377 233
908 850 936 164 394 734 798 749 823 448 326 137 192 176 668 56
134 486 555 327 166 525 19 226 807 12 947 500 245 853 455 730
940 514 293 610 497 271 664 346 125 522 626 354 198 542 689 413
819 795 302 870 869 720 952 715 173 158 129 549 142 252 471 601
832 469 424 524 84 29 432 875 225 408 717 405 210 934 837 94
811 8 2 305 382 842 773 917 367 434 111 250 359 948 914 704 68
397 211 332 282 345 387 991 33 461 294 695 362 76 206 464 562
119 602 988 693 463 923 949 521 827 26 637 479 571 903 777 151
489 667 682 944 185 567 388 181 196 547 755 767 