747 987 756 501 85 838 384 126 269 421 520 430 422 22 354 803
362 106 613 235 533 578 58 654 302 706 799 569 596 515 570 555
608 942 740 303 83 583 245 534 244 153 761 550 424 293 460 638
311 382 214 904 922 415 931 247 89 876 132 112 976 991 246 429
940 129 932 283 811 663 346 998 672 468 122 872 28 111 915 487
813 19 345 539 732 938 370 472 0 789 929 980 963 268 35 857 221
499 600 456 620 53 232 512 693 557 74 671 446 291 63 871 310
753 911 330 110 645 954 109 599 728 707 324 399 848 658 675 580
894 206 766 392 714 715 649 436 213 840 353 733 223 630 800 1
98 808 252 84 159 510 205 743 771 845 155 521 710 547 757 587
258 636 289 481 413 68 103 395 479 898 724 366 326 806 727 990
179 147 622 782 996 514 242 59 573 752 896 783 328 877 307 375
785 735 561 358 820 718 