794 13 990 544 34 313 382 155 969 911 330 762 777 650 771 915
395 445 529 284 869 303 888 390 863 843 387 629 474 360 306 279
501 564 626 465 180 112 999 109 32 206 244 138 784 296 342 839
988 892 192 285 223 157 618 28 83 927 938 800 442 582 778 128
252 764 739 439 878 952 961 721 259 968 954 211 199 282 394 17
805 685 730 230 547 684 779 307 183 111 723 386 868 682 957 145
601 726 984 928 450 295 67 468 122 5 657 484 962 480 447 963
788 156 747 581 489 959 920 867 913 551 491 77 808 842 202 567
670 482 934 914 69 355 706 940 71 908 467 783 22 116 821 982
172 527 648 458 129 44 752 349 793 669 630 753 176 838 537 73
418 452 227 532 110 606 994 882 765 504 115 36 780 635 21 575
681 819 189 11 125 907 379 955 312 600 