786 393 437 813 498 270 580 528 578 428 522 738 711 887 243 478
997 889 618 869 178 656 699 409 411 240 378 420 688 657 503 814
697 881 958 401 2 712 406 108 71 981 473 743 735 996 450 979
334 655 803 122 820 224 308 844 859 280 569 598 53 983 167 352
952 608 913 696 968 469 936 648 591 978 599 152 838 345 205 817
239 161 741 720 879 745 425 770 914 126 326 675 834 798 884 574
115 261 757 592 179 73 336 279 188 730 992 763 91 387 928 650
472 395 908 98 662 671 497 809 380 710 340 79 120 68 582 225
255 734 61 693 230 176 181 681 479 110 624 797 467 58 685 23
892 51 534 59 124 135 683 402 605 100 934 570 302 957 762 138
739 871 585 199 976 554 758 