439 590 716 206 997 969 249 528 745 56 975 201 433 259 441 803
522 935 682 515 598 686 508 226 545 785 15 695 143 500 447 415
236 519 734 711 582 702 451 944 832 698 994 767 713 318 648 24
709 575 747 391 111 300 134 782 381 740 126 518 706 847 571 906
794 121 917 351 894 403 842 252 27 924 385 466 943 859 228 680
530 207 166 995 966 491 176 224 625 636 987 776 812 931 16 546
692 728 396 878 641 951 327 86 257 904 372 320 379 200 406 129
512 822 958 196 968 125 310 78 984 750 556 453 231 660 149 520
465 934 369 696 159 796 797 602 281 429 156 92 292 757 119 544
940 48 792 617 484 164 915 31 483 142 840 603 950 198 409 437
911 963 882 192 250 312 474 