744 971 637 464 339 61 534 171 778 130 276 874 934 887 764 119
573 501 713 528 478 802 664 670 327 439 10 885 309 212 266 480
457 304 788 26 471 210 424 438 784 410 41 47 906 569 300 272
123 463 65 590 879 67 108 635 489 667 738 538 6 12 359 368 760
698 432 1 329 43 708 9 122 574 176 280 299 88 253 226 366 979
712 840 677 904 363 599 703 872 811 483 27 415 689 759 815 95
907 350 843 684 789 467 817 827 641 647 111 112 334 89 429 295
274 135 830 333 973 984 739 938 823 746 398 531 371 527 619 380
200 52 807 728 556 379 935 858 503 834 673 131 496 407 662 128
863 847 566 786 423 771 562 954 482 275 29 236 612 987 972 282
615 495 154 21 546 286 571 681 561 735 916 426 683 882 486 661
868 890 19 302 453 855 446 245 518 458 268 733 369 450 324 250
240 