918 559 495 652 493 313 732 929 92 52 572 940 986 297 594 813
468 333 245 340 67 422 847 514 551 880 601 747 832 565 177 560
285 93 494 62 148 634 980 760 397 727 743 97 877 269 147 193
486 346 500 299 70 911 863 350 400 502 659 805 20 479 848 534
600 927 163 112 22 191 309 973 748 897 219 342 597 249 463 975
121 88 862 182 898 992 571 265 106 386 343 883 103 5 414 687
391 366 744 806 443 515 434 928 439 122 8 164 91 810 85 291 631
230 505 737 873 286 990 864 124 96 155 430 379 590 115 390 521
68 162 467 227 995 816 692 537 991 981 644 868 167 28 277 717
423 53 900 212 240 962 383 719 34 902 113 138 889 599 891 322
305 547 87 821 460 792 982 295 517 752 715 348 321 777 328 476
393 833 123 851 947 10 838 210 7 709 234 409 420 613 455 733
706 255 452 355 663 487 