422 113 910 436 342 967 92 552 812 150 371 921 148 995 225 755
415 124 920 640 272 10 276 402 777 369 358 160 889 793 996 302
940 11 460 646 904 736 790 579 349 282 249 102 177 598 139 960
334 189 822 546 212 686 516 331 490 610 560 341 582 360 899 505
558 306 304 749 7 627 887 313 526 748 76 328 84 106 203 83 270
556 739 891 795 131 191 798 603 0 70 690 417 224 956 483 421
654 235 604 32 442 970 451 47 322 240 993 448 413 497 475 384
649 545 217 935 498 651 915 520 797 799 440 518 939 264 894 401
386 458 573 340 808 806 670 988 877 506 336 409 53 567 838 198
428 909 392 689 951 472 954 247 948 843 278 836 700 37 833 550
457 473 243 218 946 533 529 776 639 860 179 298 