909 871 514 598 349 426 406 860 577 197 823 491 844 901 182 969
926 683 777 333 730 411 302 393 417 664 814 971 682 65 186 110
802 51 667 697 473 269 119 64 305 109 207 734 608 790 502 310
934 247 721 978 599 87 914 398 31 191 232 873 264 2 132 867 824
295 101 320 481 135 687 991 454 665 267 738 657 228 148 236 924
263 966 610 405 554 408 244 670 990 395 835 591 246 973 219 19
212 650 136 273 357 80 838 224 727 104 560 803 942 12 237 832
465 725 479 642 438 810 199 550 601 160 306 322 766 208 675 168
382 723 903 220 445 323 490 847 546 365 677 484 115 332 45 315
483 629 519 661 451 874 951 321 340 963 116 493 391 139 736 799
505 715 671 575 287 296 995 374 593 38 693 567 928 518 194 223
218 29 385 