217 693 763 151 785 575 70 750 727 779 537 110 167 378 15 207
826 221 572 325 168 800 711 96 358 388 773 458 670 193 918 813
296 273 312 3 455 780 616 725 957 47 534 348 288 500 29 244 279
510 93 1 401 408 766 272 497 691 552 180 199 520 516 157 611
944 849 109 942 197 489 132 533 373 923 324 219 243 525 515 951
287 12 594 61 429 165 966 622 156 22 95 351 454 810 694 812 125
684 172 912 265 965 44 438 698 699 60 48 369 136 781 286 138
582 850 33 767 437 643 453 669 345 155 143 291 603 591 758 277
448 798 921 298 41 90 145 17 610 11 332 906 596 835 808 503 672
937 792 807 719 607 815 977 316 969 549 426 690 381 128 38 233
659 224 10 383 211 898 201 307 601 253 225 961 64 846 252 428
735 164 346 832 666 349 