874 571 266 942 930 764 246 275 521 40 419 145 65 80 69 920 741
598 986 251 868 67 985 342 740 894 675 226 840 950 225 632 219
313 531 873 325 236 908 516 981 933 802 812 522 315 197 853 525
544 479 309 510 895 596 898 805 310 664 998 426 387 961 88 667
74 418 862 230 475 238 448 649 294 927 3 958 662 863 690 243
23 300 533 763 95 357 600 54 786 179 369 25 163 30 692 326 216
358 375 100 252 561 532 508 290 487 707 951 102 244 83 495 151
417 884 694 918 458 191 916 327 625 322 983 207 633 811 166 804
790 524 81 693 168 84 64 350 63 366 773 779 911 663 733 879 175
655 771 630 626 328 271 756 2 35 952 836 409 399 56 826 712 842
177 474 159 944 192 461 154 133 449 483 