847 818 207 885 716 573 189 321 297 345 9 743 890 814 214 641
722 330 667 281 52 211 931 20 424 548 66 916 307 549 712 419
796 499 266 844 181 130 170 675 249 906 973 879 517 483 677 137
995 375 928 859 649 51 346 734 256 10 981 962 714 377 418 238
60 19 227 42 410 565 614 699 382 672 837 708 288 88 455 990 664
745 992 603 127 119 640 73 496 539 586 596 197 199 970 323 752
557 723 316 21 275 11 43 728 285 138 241 680 747 519 132 730
760 820 681 300 812 93 587 196 501 182 376 68 674 811 715 903
791 991 270 49 697 90 441 845 13 209 204 100 691 450 856 729
942 264 757 103 134 232 951 169 262 842 274 340 702 0 658 404
296 759 74 447 48 960 850 838 786 236 968 485 101 510 744 854
914 229 817 531 846 687 28 395 