77 121 311 89 68 151 695 387 571 562 854 765 55 639 280 717 932
742 496 647 951 105 619 863 992 81 265 189 65 455 556 223 599
973 630 308 846 202 318 302 44 287 498 936 950 758 895 208 512
365 445 252 463 648 989 975 131 554 909 397 577 474 757 20 901
994 710 299 692 946 741 420 926 153 595 284 195 324 108 876 276
819 162 924 406 859 542 433 675 869 430 701 297 868 655 755 952
539 371 576 893 383 602 476 792 590 643 298 845 443 906 204 230
201 277 871 59 785 484 913 979 376 475 319 597 511 61 457 764
28 700 787 203 329 261 239 145 982 85 815 207 389 485 141 415
254 103 861 227 343 359 894 746 54 836 47 12 407 824 194 663
990 412 569 601 157 217 82 752 168 711 441 658 977 502 536 214
887 93 821 45 459 811 316 398 188 489 729 591 616 543 2 797 129
11 413 