21 175 246 628 939 172 334 987 506 84 844 559 85 213 435 897
15 55 898 953 947 34 913 959 764 180 861 547 283 535 81 363 694
275 833 148 737 328 625 150 925 832 865 165 543 896 997 522 465
321 277 357 229 78 482 940 424 4 228 829 701 848 784 212 929
544 338 392 689 761 255 354 664 60 518 507 935 115 210 804 877
760 853 359 554 738 160 945 156 709 680 336 548 452 493 500 520
746 691 693 77 405 626 928 234 855 808 686 109 710 26 63 45 948
47 44 5 251 702 58 389 564 882 494 995 346 118 425 728 840 797
335 627 642 454 370 646 458 515 442 431 835 745 838 142 324 818
238 343 849 366 250 314 743 724 720 171 744 178 793 530 420 352
369 740 858 356 979 576 313 