484 718 828 647 975 760 726 269 245 639 226 383 309 663 420 713
977 17 836 64 259 86 498 76 323 436 438 181 812 52 150 719 659
142 601 497 196 472 770 348 8 686 653 482 955 577 839 540 568
587 336 478 346 705 152 914 129 509 901 258 264 921 646 569 690
110 923 668 211 225 240 950 283 935 984 480 768 481 222 902 576
253 895 491 537 249 117 956 109 654 762 358 938 835 924 319 139
347 154 411 588 610 765 379 104 595 18 361 703 145 582 631 571
384 107 206 591 327 535 95 398 838 299 585 405 448 228 103 255
399 307 872 30 680 602 752 798 709 869 561 476 627 351 590 963
748 729 247 328 794 606 380 12 834 42 898 833 305 594 675 986
140 809 716 533 77 334 155 39 600 300 279 114 800 