99 786 903 56 721 887 475 970 668 26 200 407 877 432 38 597 752
36 848 607 670 708 57 919 275 495 715 662 133 477 246 451 260
872 681 922 74 624 441 830 187 633 599 523 299 714 129 619 261
612 660 418 793 637 417 463 509 153 263 626 282 354 930 332 808
340 586 561 696 395 4 150 16 910 695 419 727 608 478 66 883 592
142 758 278 252 113 994 406 954 878 541 393 836 462 824 342 128
680 243 804 546 821 405 812 199 384 151 481 814 359 37 449 480
114 579 174 602 673 894 125 917 94 49 311 968 939 6 777 382 392
425 888 581 366 155 703 986 247 749 590 213 305 891 119 904 516
609 924 412 413 312 550 853 862 730 559 474 490 180 610 647 739
39 353 218 900 742 54 164 329 560 