771 160 780 886 825 542 227 467 348 267 90 244 972 183 614 7
481 881 318 294 172 913 130 80 491 924 797 661 320 66 714 817
723 932 102 96 457 213 908 948 94 788 436 852 786 911 656 539
188 676 560 648 109 669 738 623 255 287 998 596 619 178 466 772
473 1 703 74 100 513 635 408 252 77 165 350 941 963 626 848 93
574 33 55 395 166 595 529 363 949 997 223 730 695 956 746 445
727 311 593 14 955 219 342 779 843 977 425 790 161 942 288 528
531 679 283 587 638 204 696 149 736 902 759 711 365 463 962 468
813 371 452 751 245 8 224 975 981 859 196 411 129 229 572 900
525 940 916 242 316 321 394 590 404 725 549 707 685 953 657 609
492 744 891 341 565 776 115 29 518 110 832 600 399 651 328 369
666 883 850 870 827 652 250 195 246 210 739 9 88 325 606 971
486 865 266 435 717 