508 890 603 959 514 791 25 444 529 227 408 926 461 804 226 611
684 555 618 946 252 614 140 814 292 218 753 726 730 938 460 57
970 144 484 920 177 443 481 431 652 123 41 21 939 927 928 162
383 298 936 361 653 49 330 88 184 195 706 167 981 198 496 905
176 801 476 909 106 439 507 466 406 584 220 876 387 891 112 340
897 214 173 325 845 795 253 356 38 716 674 681 275 127 291 203
139 768 703 774 908 223 258 772 429 846 366 455 76 477 216 893
27 334 415 591 230 411 395 509 312 570 528 280 999 26 697 867
386 201 683 15 740 517 12 18 646 512 994 533 342 362 754 274
175 641 561 527 947 488 45 868 28 377 707 841 658 995 686 562
94 3 644 10 61 955 399 973 331 777 267 624 849 487 482 228 902
85 428 