215 239 598 895 308 543 79 251 337 727 575 924 659 456 689 466
253 408 850 548 922 237 746 135 53 648 633 858 725 527 717 950
47 608 330 721 564 551 335 379 366 439 393 776 964 712 488 954
289 260 197 697 518 384 426 338 762 60 134 5 664 38 1 279 879
471 200 316 29 833 248 117 907 405 578 109 822 901 532 41 2 368
204 461 151 765 464 136 967 568 429 965 364 741 759 62 671 734
842 221 396 620 894 943 903 556 84 533 703 607 534 352 331 825
160 612 970 445 847 68 722 343 853 498 313 584 411 936 818 994
812 245 293 303 796 288 0 752 101 913 516 278 64 593 508 784
545 782 95 505 88 231 580 418 958 306 494 213 572 351 141 482
420 468 301 453 67 761 206 383 103 121 743 436 230 940 688 810
460 225 570 415 317 536 935 706 553 769 