146 452 274 220 871 95 973 155 480 446 448 126 258 336 922 541
120 291 812 719 427 697 606 736 391 92 315 940 906 955 868 16
529 249 327 569 419 409 97 816 727 775 619 304 141 317 967 590
902 414 774 596 558 242 696 332 533 598 36 329 555 211 176 673
997 246 90 981 138 428 498 340 582 76 664 23 474 402 709 737
568 806 970 60 633 628 665 758 821 495 226 229 328 527 101 630
506 158 604 9 231 151 787 70 434 502 2 990 429 235 21 13 240
663 746 51 0 745 652 791 975 531 969 219 224 4 826 882 500 811
214 642 629 433 134 700 135 948 216 725 573 618 103 661 289 879
119 614 900 227 977 77 312 870 992 848 878 93 819 91 508 123
190 