880 737 270 15 537 842 981 599 556 295 884 98 555 414 566 545
919 877 868 417 559 307 455 186 541 568 973 589 148 18 435 952
769 992 478 303 558 457 20 508 407 442 237 220 199 109 945 666
618 650 980 462 803 489 923 925 471 825 660 198 97 976 169 157
118 334 88 681 158 512 38 243 627 150 680 250 781 927 202 829
856 192 728 341 843 791 950 616 290 653 700 126 770 210 965 258
910 421 747 735 932 523 262 149 37 437 100 441 500 476 828 517
729 808 30 792 124 596 367 6 851 939 445 287 943 94 408 810 534
52 862 142 161 644 315 276 540 403 743 684 402 615 436 388 458
768 866 817 920 411 581 968 495 224 225 128 135 173 430 575 712
542 580 538 141 483 758 639 67 849 