457 67 688 647 60 406 939 598 173 531 58 508 229 462 276 332
155 159 897 638 108 707 667 702 18 896 27 355 64 401 30 879 978
769 236 920 53 350 471 776 521 498 207 238 699 307 502 511 887
364 915 700 262 388 0 578 988 692 244 544 774 342 338 775 288
392 854 477 717 336 762 497 558 481 3 905 826 603 95 595 752
671 38 376 923 584 345 748 791 380 264 290 25 433 2 322 848 665
757 523 52 298 237 926 684 771 202 872 743 677 509 151 374 384
605 739 267 625 172 622 436 518 251 570 346 998 928 936 516 551
594 857 185 635 203 373 42 29 527 827 194 285 726 279 644 543
302 458 780 468 123 448 932 693 142 398 444 615 175 183 449 616
824 553 193 437 921 124 379 158 658 152 719 565 659 652 187 866
767 566 331 