603 241 22 564 889 319 766 196 537 350 438 65 958 929 243 455
820 529 43 831 232 880 898 682 164 313 119 21 81 389 124 189
484 62 998 748 399 279 703 475 42 470 725 855 848 788 210 465
978 995 20 494 111 40 921 25 415 640 255 673 137 135 116 728
801 534 775 326 940 468 36 600 167 297 697 818 598 706 427 714
401 505 895 699 435 76 433 113 222 782 458 943 237 638 765 400
160 709 606 126 844 589 636 904 749 919 694 103 713 517 754 394
580 141 15 508 423 280 545 566 165 79 80 146 349 946 30 797 486
779 643 870 57 91 826 481 190 64 212 404 246 281 35 510 738 6
974 370 511 320 968 522 383 426 235 50 774 681 795 881 973 396
595 790 284 442 380 513 660 752 248 770 572 