963 515 643 110 911 544 621 235 878 706 637 723 431 959 77 722
562 534 165 248 176 463 571 617 894 386 192 292 277 907 750 16
317 870 916 481 941 242 800 320 271 190 212 631 506 321 347 672
181 86 118 954 693 23 99 43 891 661 27 843 412 322 547 575 471
857 518 498 122 558 953 441 95 914 994 200 886 680 119 372 804
522 541 104 64 488 215 778 908 356 756 952 497 753 403 158 365
803 781 54 868 289 526 231 918 785 256 858 683 148 626 179 808
237 810 764 588 241 466 871 326 367 548 813 281 885 983 784 721
639 369 505 311 579 70 103 840 601 387 783 596 669 164 900 499
433 42 988 32 161 303 312 652 687 7 569 157 500 72 827 904 523
593 831 712 919 834 