623 371 381 543 733 441 929 642 648 977 568 692 64 375 62 528
432 462 277 772 448 399 591 693 866 746 483 191 833 182 243 935
380 452 601 415 884 408 816 167 143 869 231 558 149 278 530 897
829 100 374 425 129 951 158 962 807 105 879 28 800 275 785 571
75 909 908 470 883 937 637 42 649 563 49 957 765 946 301 916
500 106 521 22 700 940 137 242 562 127 282 980 398 743 166 564
844 845 248 329 913 4 342 447 524 522 895 824 993 862 506 403
512 114 669 331 194 794 640 887 144 827 464 943 704 831 998 604
738 712 110 901 263 711 823 80 78 186 262 306 300 334 975 384
748 71 624 118 505 285 608 337 51 776 202 718 346 341 187 142
