536 310 470 539 982 98 979 941 295 743 918 554 293 893 457 924
830 320 780 761 207 439 61 155 600 277 306 869 322 687 189 262
964 716 984 412 737 161 999 208 948 866 803 486 462 932 944 702
124 334 696 903 314 867 812 688 444 7 552 46 938 256 564 572
225 785 167 258 783 707 213 775 43 330 653 169 946 895 403 778
224 726 229 342 10 201 663 703 713 782 698 791 260 629 773 841
12 788 823 373 204 677 631 101 551 793 689 265 498 303 376 735
51 505 855 657 325 244 595 878 594 587 464 20 748 762 144 215
16 220 63 995 336 942 481 954 49 890 852 188 864 506 418 318
730 386 596 200 738 272 246 459 902 210 806 571 950 917 516 480
232 719 810 136 259 114 385 673 579 947 496 196 503 458 640 88
353 68 927 535 543 742 239 666 507 625 147 115 811 959 729 816
741 985 327 970 