31 204 138 27 684 473 322 583 565 426 708 523 901 15 636 924
171 612 389 222 561 727 71 183 510 971 394 896 752 347 57 124
828 136 819 576 156 994 70 388 44 798 478 910 39 410 962 691
717 503 528 464 601 194 620 543 123 978 820 928 36 433 614 914
652 272 906 722 59 902 69 198 509 294 144 468 589 937 192 872
32 812 580 215 401 747 443 269 996 874 231 628 431 592 58 143
968 504 365 439 765 398 840 836 879 193 235 585 372 381 494 328
893 817 429 441 3 366 569 542 959 870 573 803 172 333 864 117
547 213 549 493 850 908 323 690 867 196 162 516 472 446 671 130
606 460 207 316 673 716 665 537 9 406 558 880 966 279 990 719
209 87 582 729 931 25 277 187 945 988 251 6 24 96 103 42 457
141 149 377 300 548 290 856 199 115 964 195 593 776 274 989 273
404 284 