807 538 556 713 860 155 612 715 420 247 141 929 102 410 733 294
292 949 263 982 809 228 21 425 640 569 747 78 378 201 757 932
601 27 651 705 582 85 326 887 824 905 841 148 577 513 920 599
740 777 230 279 440 233 51 575 969 214 59 436 395 775 101 87
836 711 873 732 808 362 728 310 273 991 814 91 616 644 568 947
460 844 505 523 216 373 307 352 459 632 365 987 784 627 159 183
349 912 570 370 702 557 819 231 187 315 217 399 497 782 596 428
540 53 985 805 131 46 170 826 789 926 382 877 788 641 605 506
462 576 387 275 884 620 674 725 371 533 894 866 751 393 413 150
754 679 795 220 704 483 781 427 660 441 356 595 685 100 40 290
189 846 673 334 466 76 776 367 731 398 366 449 451 856 536 956
457 433 637 11 357 794 306 312 182 55 663 859 89 698 688 391
507 95 783 258 142 559 676 8 