673 273 843 917 621 183 229 248 190 149 192 325 851 71 113 481
819 198 54 278 68 3 934 810 766 236 745 884 404 704 907 508 709
571 61 215 809 549 616 412 791 456 233 983 151 915 5 828 437
747 536 871 125 449 780 770 800 220 957 1 417 784 83 393 844
369 788 375 187 209 771 757 605 127 926 877 341 380 882 505 690
309 334 989 610 841 310 786 618 343 539 996 898 381 451 428 471
176 663 918 152 495 94 239 509 722 260 559 332 901 742 290 941
400 259 196 277 189 678 929 455 897 739 130 423 241 114 484 142
169 637 646 600 748 487 689 84 517 879 138 962 211 81 522 254
2 108 790 357 683 243 230 902 65 799 572 525 461 185 284 740
587 767 77 21 671 507 10 515 33 200 608 944 99 191 568 371 194
990 560 827 864 577 914 837 359 18 853 42 685 611 410 537 349
848 218 226 