384 908 579 938 120 74 477 704 151 344 602 105 747 90 415 159
849 565 541 897 743 58 276 988 138 536 412 782 932 708 977 178
513 512 763 0 388 514 921 649 497 452 930 755 521 858 783 114
933 606 144 417 355 985 70 96 52 619 801 836 537 552 461 633
699 744 359 333 312 481 18 770 486 369 545 490 845 594 394 235
780 762 888 479 542 135 459 787 153 217 852 487 53 455 358 830
876 393 695 197 534 330 482 509 887 103 72 846 148 136 260 263
515 405 436 71 581 979 191 421 701 727 673 446 803 273 182 15
929 26 641 102 982 167 503 348 566 675 69 189 532 453 166 173
681 989 997 407 128 104 906 902 892 75 636 28 998 784 730 899
934 779 808 325 790 334 