360 817 461 252 633 858 1 880 929 802 685 748 18 287 32 717 258
955 303 304 535 505 465 782 98 578 144 177 933 774 371 641 171
795 292 747 680 653 326 90 281 763 174 325 214 176 173 538 810
456 730 248 35 201 778 364 977 193 890 614 828 125 340 827 51
93 503 210 552 349 853 299 922 930 478 120 644 362 741 640 703
376 260 957 991 451 516 753 341 312 791 892 506 24 350 122 803
637 569 384 816 799 114 797 12 821 868 629 116 464 621 417 938
393 170 104 146 849 259 898 347 744 996 983 481 634 394 50 153
333 902 344 279 189 786 396 78 308 74 819 414 824 433 787 761
109 443 67 472 546 539 84 975 519 603 119 912 592 737 681 351
587 96 207 804 48 613 856 973 573 790 708 555 820 608 198 561
998 75 513 874 318 419 307 294 686 