64 332 346 404 313 669 499 177 897 737 518 172 622 506 233 736
266 253 300 886 608 944 793 882 116 240 48 617 548 179 205 68
733 55 376 984 81 486 560 36 918 811 626 906 901 787 827 210
333 226 869 634 405 800 339 287 795 815 72 126 309 515 485 715
11 305 621 969 610 864 799 412 722 752 922 937 223 53 845 136
823 671 975 396 306 660 314 561 208 358 110 467 693 290 263 717
462 77 596 35 252 941 182 924 423 326 12 896 520 191 227 304
999 244 19 344 505 573 59 678 654 642 672 74 203 746 42 343 328
557 137 334 475 639 38 417 32 39 570 280 704 274 732 653 127
529 403 402 664 8 348 372 914 711 50 902 61 476 471 214 356 550
859 568 877 99 401 369 817 187 147 483 166 899 34 391 804 277
296 797 318 379 28 324 419 546 497 1 581 598 201 741 816 