678 546 846 254 280 545 213 425 486 598 435 492 495 297 39 199
673 238 747 50 228 971 594 650 470 746 768 455 853 778 161 307
965 959 480 255 542 882 500 483 950 405 378 461 534 349 789 43
231 412 647 830 18 839 453 779 577 451 639 247 96 872 956 788
885 693 367 251 937 982 823 720 28 718 973 868 439 966 392 605
864 384 444 531 554 394 410 221 889 557 805 19 622 866 841 363
433 527 695 465 341 790 523 130 684 406 667 190 702 836 257 521
13 178 590 635 761 713 300 589 559 543 524 685 200 538 664 90
651 437 595 380 986 567 990 239 65 172 457 271 390 544 42 828
0 525 993 424 738 904 735 364 416 896 235 225 753 348 964 21
758 878 633 316 504 508 601 721 460 325 921 9 977 852 79 943
404 843 787 701 641 40 436 3 371 450 94 272 838 528 256 845 661
573 479 241 517 729 85 837 