258 717 903 239 775 561 965 735 66 522 752 415 911 509 948 499
889 934 175 347 663 247 153 813 779 385 391 320 949 251 323 133
286 395 791 386 810 835 49 814 768 202 194 817 789 650 266 836
445 605 161 873 656 716 611 274 214 459 27 50 623 295 879 581
0 376 397 114 171 616 231 977 984 600 160 774 409 758 224 46
21 659 968 118 152 263 41 172 365 201 417 772 797 37 750 372
165 467 168 771 455 698 863 120 217 631 652 661 820 48 10 272
462 743 438 527 326 708 442 573 389 82 99 244 800 12 530 569
64 135 451 322 885 629 493 294 142 871 250 176 236 85 853 43
387 715 305 742 979 579 908 215 473 103 695 241 199 65 369 976
687 612 635 610 582 809 1 436 737 993 529 593 58 115 839 901
318 928 796 254 550 594 943 763 738 721 277 816 869 843 925 256
223 185 646 109 98 309 19 362 706 