161 358 159 670 646 338 350 614 666 80 429 523 901 341 17 105
825 978 472 781 669 727 550 175 939 823 372 262 910 340 427 675
230 932 620 852 641 187 351 115 5 36 52 457 235 895 24 565 279
191 470 250 508 609 152 754 819 954 559 573 970 875 37 318 158
147 181 425 926 780 530 784 58 651 84 794 886 862 405 26 199
884 751 476 345 320 588 548 293 689 665 439 212 843 667 179 638
871 595 196 71 882 206 366 38 818 817 426 777 155 674 587 743
145 800 370 100 541 95 837 219 146 113 848 549 692 591 60 251
827 698 403 314 642 190 248 627 864 761 971 773 266 448 240 223
722 424 507 807 356 168 111 211 752 633 748 857 975 396 681 517
746 858 114 869 797 233 163 723 359 167 866 924 625 718 653 172
201 226 740 258 64 231 855 3 594 23 803 280 715 264 271 737 2
419 