768 801 954 852 11 686 131 280 999 457 233 656 862 52 153 355
77 225 363 442 212 54 215 739 324 963 633 575 135 214 203 961
539 110 808 376 92 476 886 429 733 34 980 711 458 101 299 914
552 146 334 524 322 450 628 704 911 301 761 414 13 590 353 48
202 204 277 75 826 411 668 803 811 378 544 858 68 133 797 195
756 658 718 125 32 331 348 97 388 545 190 486 775 617 515 710
635 549 679 976 7 542 782 130 525 532 325 267 844 786 23 496
865 556 6 824 699 572 229 240 98 367 462 951 333 201 728 187
282 406 563 861 969 933 1 578 574 335 264 340 641 910 905 244
972 83 837 15 751 559 810 220 180 869 302 825 488 163 582 843
396 543 137 792 368 853 71 