289 230 713 433 233 353 30 930 61 218 974 506 500 213 969 442
778 219 620 675 176 993 295 201 676 26 944 143 960 825 715 446
604 734 910 172 257 188 535 202 305 702 180 282 856 700 746 428
522 875 123 135 806 553 417 532 45 387 694 222 943 437 292 22
606 374 41 341 947 876 967 775 866 782 696 241 968 528 336 131
547 849 330 136 181 772 120 460 379 945 68 338 355 443 729 354
621 107 647 914 890 973 946 571 965 932 404 161 797 237 472 278
431 423 323 265 550 624 662 544 175 760 692 923 190 719 743 546
47 74 240 948 839 470 999 146 151 394 677 260 381 823 78 316
73 64 688 179 880 899 882 345 217 413 580 464 790 272 482 159
232 58 526 798 50 594 377 391 537 277 393 994 860 623 554 390
122 656 86 673 38 601 75 711 763 686 331 210 177 119 113 817
607 809 409 10 961 195 