243 114 736 276 220 373 52 10 141 497 66 333 60 616 830 179 955
458 405 689 43 88 992 456 428 920 654 843 664 395 226 452 800
191 377 911 592 651 837 35 708 718 640 577 282 969 327 490 33
748 72 715 634 620 489 464 288 539 524 160 412 166 792 846 645
904 108 343 469 858 222 448 884 784 56 766 909 332 600 190 823
386 659 3 293 581 627 367 207 351 583 503 836 571 927 447 430
270 622 704 655 534 32 400 529 855 111 986 414 609 368 229 710
95 463 298 895 286 995 941 280 375 41 27 587 538 113 817 860
264 232 803 40 946 18 773 849 919 880 305 525 209 834 164 746
149 564 76 557 360 531 294 937 945 275 901 169 505 543 623 45
593 658 182 914 631 