471 558 547 696 58 360 195 581 260 145 580 43 74 909 661 915
172 31 247 791 267 6 122 737 266 401 301 841 778 968 556 352
642 883 557 25 789 361 692 275 554 619 796 490 539 440 268 629
349 995 652 21 726 983 329 663 984 95 421 610 367 884 313 688
687 452 18 510 741 821 864 201 869 358 846 206 382 627 793 732
893 410 591 902 654 955 709 541 292 489 429 324 291 736 470 479
585 130 215 380 593 697 4 45 916 879 272 277 258 40 304 555 658
903 188 579 453 182 205 402 806 461 996 699 507 807 407 241 64
947 573 164 560 274 969 50 873 772 482 669 971 825 193 57 87
127 852 475 351 762 456 550 118 727 398 571 437 527 376 923 103
533 867 371 911 311 396 238 771 759 51 495 944 626 151 438 