951 899 998 313 391 608 470 99 848 337 675 318 598 385 132 174
165 909 570 292 856 738 857 751 777 390 189 939 182 732 568 55
579 494 320 628 368 812 86 980 516 754 913 847 250 433 305 532
795 456 870 701 449 158 718 845 95 734 276 645 233 741 818 404
907 949 631 97 492 477 261 910 59 800 81 474 521 617 872 56 384
943 399 692 828 849 764 357 354 594 249 896 116 479 316 658 804
612 542 223 531 166 77 76 317 564 214 142 563 84 359 307 659
393 515 834 604 765 466 322 684 667 286 556 161 975 242 638 262
983 527 98 498 655 902 190 689 905 101 700 488 487 749 760 60
8 88 71 606 147 173 284 868 729 383 585 647 633 409 411 860 511
912 518 9 129 96 244 117 22 654 