733 853 143 783 118 690 242 812 918 702 178 190 646 814 204 432
99 977 4 39 77 446 514 658 886 294 734 704 240 998 903 243 470
301 593 577 288 127 116 767 340 709 24 683 23 625 754 524 793
431 253 403 638 917 476 908 643 813 738 698 105 549 821 787 169
110 865 493 456 122 534 510 815 971 377 12 994 461 531 843 165
684 101 112 18 397 688 295 7 218 555 264 868 873 649 70 193 870
651 609 517 96 554 553 483 537 117 487 639 782 144 916 979 522
952 530 424 121 249 76 177 256 98 359 189 106 590 621 228 511
801 376 693 714 299 622 59 423 175 273 314 484 404 630 945 770
762 53 457 338 344 293 272 653 92 676 393 392 94 350 438 222
130 465 55 325 206 984 851 675 712 887 196 262 63 304 616 601
327 736 756 710 289 