225 470 715 93 5 283 63 426 306 275 548 662 551 326 475 86 711
65 646 32 539 969 337 584 251 692 602 853 780 116 146 178 812
583 463 128 10 598 500 626 823 698 846 115 992 347 371 267 859
832 615 82 435 951 685 62 978 249 641 449 22 682 166 332 486
307 624 985 167 253 968 765 288 290 291 219 919 404 160 612 995
199 340 460 408 354 94 957 154 282 761 367 220 223 683 988 339
570 191 647 84 378 793 487 55 52 851 441 124 638 106 981 224
139 910 207 644 842 983 907 666 386 213 875 569 808 544 511 336
739 158 453 741 752 204 259 452 257 717 829 444 532 941 960 149
175 51 668 489 800 494 40 121 703 351 763 526 20 713 543 30 287
974 943 83 130 39 373 469 381 673 796 660 537 726 266 750 897
