256 759 702 673 363 253 670 308 563 951 33 273 291 746 877 505
346 604 162 853 906 125 508 241 422 786 122 368 144 278 369 470
329 70 189 342 570 123 658 239 521 110 325 612 808 271 787 399
640 327 30 132 735 202 137 339 490 332 418 353 879 588 258 472
165 802 31 210 649 408 794 381 987 855 101 489 739 727 296 41
14 591 597 991 409 406 581 376 479 845 541 692 427 442 85 927
584 538 420 996 378 57 229 507 42 807 286 773 236 661 455 305
309 915 902 687 840 655 598 63 337 539 83 757 957 945 754 942
428 197 543 306 218 111 344 331 990 362 678 835 550 554 212 317
249 937 866 884 776 514 740 257 66 910 40 277 753 400 17 270
633 871 953 546 341 29 656 217 107 560 756 862 45 834 312 925
454 712 579 641 232 95 167 23 9 553 96 762 681 377 175 185 