213 121 34 307 250 458 632 702 760 570 137 836 806 919 588 312
236 775 348 518 942 342 912 391 748 141 809 392 977 476 527 383
903 61 218 78 408 4 432 164 561 803 294 591 916 163 990 360 209
82 863 237 274 790 683 967 90 614 651 685 922 318 776 733 655
875 339 507 70 805 735 526 77 352 147 525 418 619 794 44 363
293 533 45 911 261 447 286 451 880 542 700 607 680 751 371 571
833 153 972 314 889 994 302 373 49 196 575 799 200 465 834 827
581 10 763 149 509 229 295 762 334 524 265 851 16 624 773 405
176 895 604 642 574 695 331 419 398 157 475 19 815 789 66 918
431 41 102 7 726 801 335 407 756 728 546 412 780 240 645 589
140 481 770 739 709 36 732 234 483 891 661 934 361 824 553 270
185 649 545 322 660 837 219 742 737 67 424 520 306 95 316 785
227 81 132 494 243 206 966 