252 105 948 702 987 71 821 37 720 942 317 759 652 560 273 816
989 348 760 888 860 666 507 792 430 330 930 283 587 333 386 684
155 853 629 957 390 856 60 800 133 548 682 600 94 182 731 365
846 325 611 448 237 581 125 952 694 236 409 291 151 158 802 646
138 310 843 113 937 729 637 765 754 809 768 740 842 0 789 148
931 407 747 17 892 612 695 347 530 408 229 126 819 349 626 228
91 615 175 536 377 152 210 649 170 879 359 599 334 490 674 144
439 506 533 454 487 117 402 858 516 806 337 103 299 569 576 967
932 546 183 687 614 773 677 88 241 352 479 679 30 429 808 167
168 980 607 732 539 756 995 905 543 499 141 101 566 50 341 44
938 790 521 43 248 557 962 811 561 908 342 725 197 726 302 471
496 372 990 886 86 142 309 738 385 34 744 570 618 137 76 157
644 452 63 