454 889 118 950 491 335 795 120 112 131 592 248 99 967 309 512
616 998 431 387 908 659 696 862 42 652 510 324 884 74 819 176
constructionists 391 433 974 84 183 185 441 933 717 149 310 56
956 660 349 190 817 650 953 152 140 487 690 436 167 203 676 430
975 474 422 538 909 368 593 980 116 316 450 416 843 210 370 106
82 518 772 667 197 331 762 813 410 144 835 312 582 642 102 796
783 489 151 920 156 919 675 276 774 productivity 858 801 189
363 231 646 304 442 291 776 469 601 321 530 89 531 238 566 161
664 692 719 250 949 377 466 408 338 159 798 596 606 550 122 830
329 839 504 244 850 904 87 934 336 547 907 818 364 871 421 194
790 714 135 902 802 452 709 52 12 809 128 543 270 655 815 silds
873 411 216 718 262 476 255 621 704 218 597 677 62 28 374 994
707 703 136 293 984 747 425 188 589 