947 132 630 656 766 515 983 366 510 747 320 431 188 608 562 44
865 953 675 901 146 532 226 625 722 570 933 778 810 591 583 464
238 872 882 728 759 30 108 18 633 637 122 781 83 401 2 786 60
777 198 420 101 120 276 258 616 416 984 409 699 99 11 168 760
730 676 467 811 163 962 233 682 112 281 661 458 992 498 504 115
103 303 646 229 963 433 805 113 423 130 37 921 861 744 615 830
626 558 461 736 91 757 940 474 346 219 494 968 902 997 254 666
806 599 10 481 543 904 448 150 214 348 397 340 327 279 359 187
985 321 906 333 772 291 918 937 197 708 588 356 622 211 230 156
499 142 773 846 746 415 799 621 8 636 341 825 948 151 614 134
520 732 965 551 828 686 892 96 201 517 640 877 833 803 711 881
822 931 300 261 950 89 164 