687 567 455 388 300 916 518 41 893 30 81 832 932 983 271 911
850 710 581 664 418 812 861 392 149 682 321 125 456 486 997 209
287 972 734 175 665 874 788 526 535 313 869 266 954 862 941 56
720 55 405 618 577 621 64 901 366 406 76 528 559 166 482 978
625 982 888 909 123 272 15 716 380 223 586 14 766 944 65 96 773
383 476 278 594 141 93 975 697 89 191 371 489 806 274 385 926
605 357 138 82 120 46 156 393 433 2 573 457 709 425 520 136 742
919 50 569 164 757 42 840 387 616 904 894 12 129 32 968 483 470
908 225 645 492 760 880 696 341 961 707 356 897 744 213 753 319
905 150 882 931 267 872 691 505 531 607 791 591 179 571 906 722
485 595 165 958 775 434 838 57 892 638 152 596 206 935 776 332
119 469 996 702 224 330 426 102 236 339 815 28 622 496 415 197
929 871 