154 589 817 836 600 794 5 134 319 803 44 810 849 746 486 730
489 421 118 887 171 255 21 19 6 117 623 716 541 105 592 624 275
747 42 575 483 625 870 861 900 149 430 968 620 579 882 214 683
52 816 324 353 920 551 359 637 179 949 224 366 197 376 565 168
780 700 136 238 108 58 719 360 207 373 276 381 209 305 850 622
979 958 537 658 332 140 190 472 285 921 508 239 907 518 926 799
938 684 119 540 230 288 885 826 82 180 263 497 570 521 465 613
865 435 429 264 906 420 194 745 561 32 604 301 116 345 957 355
499 95 531 925 193 786 731 173 933 847 65 226 144 406 145 339
788 232 710 696 213 947 284 598 874 633 502 801 23 917 691 260
279 815 477 317 655 471 39 79 87 9 157 842 707 482 101 334 60
84 343 761 918 246 692 282 862 871 512 939 29 234 