988 254 952 256 980 940 578 26 822 303 110 820 295 599 382 18
285 520 782 717 532 676 575 876 541 664 561 832 421 821 345 549
445 456 929 96 866 262 395 909 855 665 658 851 174 656 9 576
668 454 188 19 87 872 839 889 433 555 787 690 392 305 393 317
616 169 635 596 963 816 556 688 528 214 709 560 459 637 386 677
679 25 306 424 441 778 328 0 901 783 367 166 221 113 194 977
241 804 133 146 947 831 125 721 259 284 898 59 308 362 969 745
760 687 175 694 389 222 152 587 526 273 141 190 701 252 788 856
845 104 322 106 926 886 90 570 609 12 535 492 771 494 933 268
342 925 450 640 522 490 646 974 884 245 888 211 830 653 283 712
411 171 287 780 55 