928 141 517 639 240 233 202 568 875 690 641 238 655 315 392 91
899 19 173 602 421 771 188 281 384 177 607 149 951 817 585 306
740 948 743 26 871 968 200 69 964 93 508 462 789 134 634 156
99 960 691 106 394 556 395 38 624 937 449 446 108 813 722 413
162 683 359 304 345 850 227 263 353 230 171 814 533 217 971 226
419 552 857 412 372 493 441 750 276 538 764 472 860 480 21 782
703 650 499 858 89 566 405 874 163 196 819 798 84 912 189 784
510 591 906 275 79 677 60 832 358 975 936 488 10 145 212 523
483 825 30 341 970 119 116 847 669 65 277 918 555 745 103 516
72 264 14 168 598 770 445 0 911 426 117 382 961 192 204 175 646
231 614 848 132 863 727 114 781 260 458 297 699 470 460 18 506
592 708 98 44 793 780 571 357 344 50 776 833 670 540 882 837
68 915 239 22 