108 974 448 511 952 104 442 379 695 590 272 930 932 658 368 188
361 454 792 174 760 106 299 562 942 800 701 784 747 513 318 374
334 28 719 482 894 808 758 204 247 748 393 831 895 464 256 208
812 449 950 53 474 178 179 656 971 879 126 406 152 110 975 23
32 76 587 504 209 646 878 794 811 291 431 536 557 539 774 814
461 860 630 653 698 351 518 294 761 95 402 376 893 903 700 863
953 54 972 572 832 777 926 759 262 383 35 850 359 552 172 348
782 491 517 918 428 97 289 150 427 279 13 82 919 864 415 693
169 200 429 303 741 598 797 386 296 573 78 206 160 516 187 202
232 615 458 702 697 628 201 625 79 455 770 410 537 467 882 713
77 330 834 890 781 940 717 902 567 233 687 132 476 978 16 143
610 787 683 528 26 395 564 734 120 738 666 363 924 743 937 896
430 555 17 390 712 142 