194 76 480 396 438 540 805 937 576 500 880 5 555 272 226 30 222
955 976 382 698 35 592 305 390 265 120 623 340 342 758 577 23
329 777 283 187 421 833 449 767 362 473 230 98 135 24 22 333
271 375 463 725 695 762 989 883 471 166 812 932 502 77 806 443
645 354 344 854 609 495 436 155 381 52 860 188 366 297 179 618
602 47 689 780 684 493 273 603 650 578 306 7 960 456 936 931
332 568 0 704 95 122 182 461 923 732 102 889 414 591 865 106
892 71 992 152 302 790 393 496 118 199 205 524 680 664 982 324
862 56 648 984 643 885 942 403 918 435 201 214 556 318 108 432
189 800 383 612 363 691 266 286 20 139 450 353 392 541 240 127
985 431 957 657 248 792 