201 476 820 682 996 277 531 876 38 606 388 951 794 779 707 677
196 818 933 558 172 338 651 766 439 858 73 751 785 541 492 78
813 416 77 649 319 554 503 891 781 266 493 270 739 212 48 893
738 587 667 453 489 314 76 663 261 243 450 675 269 552 609 213
310 298 952 696 791 31 774 702 650 624 856 847 457 912 381 375
421 79 418 357 866 989 39 545 490 643 62 853 721 632 875 197
867 53 656 758 939 127 187 987 383 167 635 423 797 536 442 574
268 708 771 99 84 918 775 259 555 598 179 101 422 371 885 807
713 263 868 108 321 573 231 824 471 522 711 27 188 3 544 528
862 10 532 181 902 887 727 740 61 26 460 123 207 275 398 0 870
966 968 82 24 396 462 8 452 556 752 404 581 487 879 566 525 