906 313 379 755 345 636 182 513 611 21 80 155 124 29 347 487
599 464 122 734 641 592 364 927 721 855 188 429 804 121 498 987
975 243 943 261 678 780 852 922 612 640 907 861 560 47 306 445
293 963 100 579 335 698 892 133 751 981 604 682 843 4 924 776
442 242 453 674 184 621 821 44 507 940 198 792 366 913 462 902
388 470 570 318 1 84 897 106 876 89 572 515 212 35 726 702 278
381 111 982 474 301 731 567 593 735 432 576 724 933 220 8 504
61 619 458 433 657 895 74 998 817 637 257 102 147 282 519 870
957 266 230 375 518 663 277 120 894 524 956 179 372 336 739 738
368 711 316 992 132 402 763 93 471 473 218 492 858 499 108 405
952 302 262 359 675 162 908 958 0 408 883 552 181 785 