851 792 55 461 54 509 517 693 394 977 189 526 582 550 543 747
463 610 102 387 848 203 33 565 90 271 213 581 631 151 496 771
578 828 525 612 494 137 767 634 882 265 388 551 35 652 810 238
586 287 343 924 232 392 645 23 490 291 656 158 682 940 812 716
514 680 84 885 375 14 863 789 86 51 659 755 106 896 668 883 19
922 603 157 807 286 942 191 16 890 204 351 884 528 558 900 383
0 715 800 440 973 915 300 872 927 267 655 113 855 809 621 596
468 313 409 696 756 162 218 483 988 192 679 671 462 904 142 997
266 307 487 434 577 216 425 618 687 936 505 501 133 327 906 560
353 12 280 22 426 873 624 928 723 724 161 567 320 889 815 163
366 768 754 839 717 100 868 746 881 333 489 689 308 995 486 705
833 447 214 608 105 24 