870 665 107 714 51 113 81 569 57 437 532 103 965 753 283 656
846 820 905 615 662 473 991 246 575 380 398 938 526 689 976 223
611 321 409 571 266 120 602 509 29 121 84 909 307 449 872 809
241 203 28 152 494 331 278 171 802 275 955 505 461 871 596 588
834 291 24 295 27 743 989 661 61 887 392 35 460 170 140 701 33
122 530 574 759 353 148 507 814 337 368 502 111 892 539 254 519
847 784 336 649 62 325 922 826 402 343 352 229 12 63 713 830
296 204 314 162 320 995 244 115 839 841 439 68 742 373 189 817
465 459 205 268 717 751 586 293 699 446 385 89 40 538 451 306
514 105 21 46 686 471 827 288 510 504 3 708 521 214 734 144 88
590 998 363 945 503 748 544 952 895 323 879 