607 312 699 828 268 422 833 795 556 558 9 227 480 793 343 766
819 865 501 584 273 943 226 897 989 331 727 356 866 848 528 298
264 59 388 561 637 571 347 705 922 63 580 206 351 724 78 70 663
58 640 379 504 667 822 10 638 4 919 823 479 397 160 457 91 403
801 962 336 464 872 511 639 969 202 69 896 990 654 301 510 923
940 247 389 135 838 297 683 87 707 783 559 809 648 974 478 153
632 45 800 300 344 579 408 472 964 263 874 672 27 977 411 137
406 496 371 749 191 949 542 737 987 643 540 863 314 165 410 51
228 988 830 776 222 22 217 138 739 844 74 155 674 381 947 514
317 272 570 549 868 519 445 624 176 346 1 913 102 184 395 939
634 976 714 243 212 213 702 742 424 677 109 491 506 299 529 86
541 207 