234 171 81 68 875 768 966 842 220 710 616 555 521 852 711 937
151 172 280 854 911 51 788 863 693 299 483 42 636 690 139 407
488 2 330 901 681 926 531 508 509 968 615 243 93 340 779 545
319 874 541 702 925 177 198 63 745 577 887 869 496 721 382 422
787 689 649 532 76 767 655 805 209 795 569 43 482 547 162 811
574 563 388 102 457 850 791 117 370 204 202 749 361 936 957 878
987 783 664 328 999 219 656 851 580 793 900 274 916 814 824 818
889 405 843 612 888 327 904 80 714 293 879 374 157 894 15 431
639 5 196 855 777 30 708 980 640 822 439 98 477 784 542 399 667
69 931 575 135 257 573 952 932 839 893 801 115 820 609 896 329
922 733 614 786 731 404 670 754 620 406 