575 264 821 809 837 97 370 894 989 317 529 522 305 815 983 697
888 240 476 421 481 569 45 128 535 846 485 843 751 324 927 291
393 171 184 354 694 120 25 792 966 913 928 221 652 936 865 346
634 445 539 433 383 991 249 329 169 857 707 649 480 661 761 721
130 975 512 470 922 391 54 261 976 314 356 50 978 999 988 446
483 21 202 921 933 582 365 783 253 630 277 333 577 615 477 74
907 799 87 492 252 266 831 79 135 384 992 870 882 248 905 306
6 806 3 570 804 525 489 154 726 125 43 714 126 842 507 347 684
589 109 302 756 827 830 439 862 270 686 863 875 101 75 15 912
152 973 463 211 595 81 245 639 457 656 572 159 618 877 506 233
823 779 553 349 382 503 12 307 993 223 874 931 35 953 700 