84 370 833 226 442 721 647 948 250 126 101 933 41 898 745 545
221 799 317 851 549 996 558 548 414 852 333 425 949 465 132 415
747 242 148 162 20 347 202 666 903 841 760 516 734 393 46 874
604 932 813 632 68 410 505 61 834 670 943 304 522 865 120 13
208 719 428 2 52 85 145 474 975 741 17 704 529 951 552 472 668
308 831 587 444 858 455 772 29 724 205 962 12 826 113 756 377
791 615 192 238 164 400 59 782 380 336 154 305 909 705 285 667
681 565 911 124 995 876 633 665 521 992 282 43 882 440 627 278
589 419 371 832 952 159 498 399 776 808 847 905 165 331 846 150
251 115 260 888 900 240 411 502 349 812 781 229 775 737 713 81
418 459 189 934 264 879 160 947 134 989 533 514 659 216 295 76
475 141 254 461 