238 268 688 175 73 93 692 40 387 646 634 142 347 452 819 742
973 675 996 98 546 793 521 645 46 138 120 636 993 350 208 301
853 520 447 639 841 684 913 20 251 986 222 641 458 285 140 549
538 30 978 322 490 861 955 712 673 813 863 85 942 935 184 27
371 528 370 176 417 280 713 482 432 866 736 378 159 342 81 308
117 599 97 421 817 278 154 565 87 976 774 475 234 656 807 974
925 122 810 264 211 256 35 644 197 236 206 508 524 683 129 143
761 388 603 198 368 325 696 878 428 523 615 542 393 879 785 637
507 260 874 267 596 888 414 448 504 386 328 856 84 255 44 903
777 578 849 608 738 729 722 635 601 148 543 780 970 70 336 437
407 125 465 346 545 961 775 804 79 534 949 480 72 983 725 607
162 225 274 787 91 728 655 390 258 740 253 