394 941 740 884 707 387 653 265 780 278 99 977 720 660 31 763
439 755 503 705 570 620 411 894 191 842 994 39 484 611 664 882
839 608 554 435 238 656 277 685 194 739 65 156 885 364 83 710
996 527 550 560 625 583 174 419 815 404 490 240 190 750 704 323
289 948 502 853 708 776 331 322 874 675 668 728 23 426 576 938
541 973 939 146 979 827 854 927 605 22 562 686 513 78 471 506
26 144 581 764 449 741 888 130 233 425 107 650 488 565 602 519
499 993 10 310 677 724 553 230 35 713 826 325 176 951 463 161
187 320 639 695 333 738 963 782 624 311 414 732 785 92 173 880
167 529 793 246 69 389 55 24 735 185 532 760 328 309 290 969
341 801 293 889 