577 723 674 86 344 350 673 700 835 530 278 702 567 133 483 718
598 671 554 583 36 555 784 224 454 427 469 383 802 614 380 676
303 339 769 244 193 666 404 149 917 920 43 382 206 233 17 552
452 159 719 63 405 954 197 528 109 924 979 925 636 586 539 11
279 965 656 812 640 274 104 472 563 499 332 616 975 453 952 774
47 603 966 617 992 695 199 188 212 136 943 740 842 430 798 562
493 126 573 973 300 390 450 544 249 939 477 760 230 371 709 425
187 236 96 900 624 119 81 291 551 994 714 351 317 878 467 388
521 457 825 409 245 955 336 653 78 49 986 355 105 558 564 272
596 663 912 735 834 549 665 546 334 257 516 742 791 989 684 475
127 767 796 854 881 286 74 