994 5 52 510 698 780 106 96 167 291 534 467 735 781 173 360 38
886 262 872 923 723 947 452 871 267 405 640 168 295 370 974 646
36 933 346 66 896 355 794 961 227 839 268 376 305 802 328 194
352 207 664 282 243 577 743 671 964 183 442 144 948 608 61 420
502 980 932 114 137 445 280 387 711 230 34 436 778 902 635 719
538 740 221 992 772 172 235 750 915 720 678 301 848 439 203 984
23 187 643 937 382 20 461 278 976 82 226 887 45 983 838 613 257
928 242 121 805 154 353 472 788 791 404 253 16 634 496 336 779
713 530 146 953 565 518 819 165 266 369 879 218 873 734 249 84
684 818 169 814 293 94 189 864 754 206 374 150 449 8 618 333
815 978 813 322 691 639 