682 334 927 952 665 477 267 755 564 377 651 562 800 393 441 916
517 353 690 512 672 419 11 661 850 227 983 984 576 399 959 25
574 152 980 979 934 320 915 911 607 511 791 439 167 189 945 68
146 526 139 781 917 259 609 823 680 885 203 321 270 541 855 55
42 588 872 738 839 840 726 762 243 809 593 908 758 140 704 953
534 914 812 659 598 147 194 296 920 455 392 283 181 535 422 24
178 445 530 467 190 857 978 995 396 344 761 401 537 816 931 87
359 854 992 899 930 107 331 830 951 736 725 686 656 179 891 206
714 80 38 100 483 639 691 43 650 858 372 510 2 170 117 836 554
376 269 695 16 497 722 348 727 555 454 921 252 444 17 173 898
734 702 37 130 833 133 480 678 739 379 540 696 559 32 642 831
561 947 