470 682 61 96 613 942 247 439 82 6 929 489 997 830 874 395 36
349 585 648 12 729 692 673 720 759 791 486 92 267 708 205 229
339 25 400 119 599 99 458 838 245 769 156 178 8 980 695 307 751
687 563 28 558 57 629 129 813 443 690 663 548 760 568 368 132
725 488 69 414 264 999 510 826 332 750 581 532 385 779 378 542
282 707 584 621 984 389 51 650 748 611 788 744 571 217 797 425
241 280 29 223 808 547 661 235 215 741 605 137 822 988 783 649
854 587 618 968 554 376 726 635 873 427 239 201 480 513 469 839
60 218 781 863 528 979 116 632 237 958 993 894 91 444 108 507
94 328 891 865 901 976 664 848 68 924 179 527 590 908 153 534
703 464 713 383 362 652 441 975 964 410 535 911 84 384 910 463
685 34 435 647 679 957 22 567 90 311 415 221 160 617 23 208 420
556 446 786 429 187 454 712 