527 851 944 54 560 912 553 784 607 439 423 207 22 173 660 119
534 131 748 724 958 972 703 357 821 653 237 538 113 10 531 209
448 863 461 2 155 970 256 20 342 449 365 642 832 415 265 659
201 83 109 188 94 961 223 274 383 314 738 160 901 303 134 399
34 677 184 166 3 841 718 29 989 575 739 23 943 568 408 796 282
370 853 794 456 133 601 105 430 451 236 27 959 65 805 866 337
900 351 81 297 749 253 800 565 578 162 181 786 562 263 858 532
255 611 985 613 87 874 686 829 349 8 926 886 159 795 906 472
104 308 768 700 457 789 750 298 130 967 102 146 371 151 839 716
629 918 950 668 167 180 244 347 674 992 45 336 122 910 51 533
71 343 