445 392 707 164 346 309 861 370 380 608 796 4 39 761 845 374
136 626 878 806 403 368 35 594 913 216 486 323 222 286 158 168
588 209 86 512 656 303 544 160 404 157 200 65 196 994 893 836
461 220 651 887 782 265 56 590 280 318 756 201 729 919 771 963
938 153 80 12 49 72 156 104 163 23 571 237 960 500 490 270 534
282 807 634 205 935 166 100 727 730 545 639 698 480 520 315 317
849 111 925 950 967 763 129 952 94 570 16 10 560 40 42 48 883
939 880 620 968 284 32 197 956 581 112 853 759 903 337 3 541
877 882 599 321 186 971 267 910 931 177 408 255 814 606 725 240
468 262 2 342 973 753 760 738 215 454 141 406 874 239 747 714
997 227 110 150 59 314 152 400 