296 671 578 640 542 738 886 945 107 854 908 394 616 110 751 800
677 406 562 477 176 681 162 257 645 799 527 662 263 260 644 669
638 624 545 560 585 756 85 23 983 755 496 294 874 127 65 903
101 913 620 487 93 611 130 804 716 18 584 459 621 195 437 941
482 591 34 783 511 232 647 207 99 685 428 111 703 208 64 182
351 273 80 521 303 396 198 650 169 148 407 430 329 972 608 190
469 961 558 943 13 384 103 28 775 206 550 629 479 497 951 714
457 537 859 535 639 305 229 480 183 27 278 712 852 942 636 445
654 100 707 990 807 339 586 612 322 350 368 980 811 342 362 51
323 471 737 630 409 19 865 443 733 20 918 905 698 888 310 483
900 568 109 292 784 618 896 145 32 877 993 934 705 758 679 525
573 114 752 