251 450 389 503 333 599 922 202 953 163 400 710 160 951 101 350
40 983 230 454 950 229 215 987 679 365 2 685 674 609 549 431
44 58 709 763 944 620 773 109 212 520 896 7 894 979 346 774 504
331 959 932 895 878 415 791 295 551 485 522 681 242 661 707 191
555 526 502 489 729 467 297 738 860 852 468 261 800 175 511 857
755 723 678 379 388 627 705 316 612 668 746 614 562 369 486 581
831 997 698 590 225 578 173 436 378 926 966 736 118 602 133 167
465 406 427 79 786 603 462 994 114 783 621 734 675 78 476 16
764 498 658 339 65 23 156 348 768 41 743 288 862 366 871 184
501 405 121 697 124 493 27 343 196 34 68 306 360 889 613 559
383 741 564 347 128 657 975 902 887 667 596 414 533 930 313 75
236 574 410 827 585 615 234 670 947 991 143 628 411 846 6 57
583 836 735 810 