640 873 358 79 385 514 878 606 702 725 789 97 637 57 195 649
443 570 182 636 913 992 771 699 678 1 53 804 503 119 611 782
919 145 416 115 496 432 983 965 597 948 679 395 885 376 519 488
586 556 981 446 592 139 480 847 383 648 147 346 162 737 816 900
775 574 103 489 833 997 733 469 482 3 676 947 188 721 572 962
924 392 295 63 342 197 601 435 942 263 659 437 39 625 736 934
887 117 508 82 473 355 43 698 657 345 807 896 391 76 860 609
438 838 655 494 258 165 11 603 325 111 245 434 118 179 321 959
108 254 154 436 759 770 927 28 217 741 563 412 371 989 339 621
917 967 916 994 382 381 681 351 462 77 540 210 105 486 985 90
31 352 711 18 635 647 44 713 732 531 194 944 9 377 374 426 423
538 447 651 122 292 910 491 62 790 844 539 587 969 326 244 500
