567 814 98 328 750 882 107 209 968 708 709 775 603 14 918 313
80 58 168 320 653 727 614 864 110 164 732 7 128 623 572 70 966
694 746 399 863 333 211 86 792 61 672 912 915 921 854 810 580
791 411 855 136 578 8 692 980 3 723 445 970 310 646 530 302 188
549 170 818 465 417 541 371 981 998 891 911 158 261 415 139 763
628 881 234 364 711 710 176 550 834 936 924 159 6 30 663 468
731 886 215 499 51 594 836 127 536 586 987 765 297 135 787 147
469 453 698 511 360 207 85 569 165 797 171 624 634 995 38 179
847 573 252 177 716 566 651 593 386 906 629 955 4 42 279 631
425 156 954 866 142 426 655 532 130 813 927 784 667 141 728 504
611 64 751 639 590 322 152 57 167 989 284 402 688 502 805 92
