874 515 768 393 200 377 327 748 135 338 448 219 892 991 977 441
295 978 356 264 108 878 922 306 442 469 427 606 25 146 926 288
324 342 44 435 421 82 566 631 438 849 382 127 733 645 263 298
794 652 62 392 683 967 727 960 301 9 218 316 925 199 402 33 148
387 507 935 284 385 764 810 793 164 83 805 990 184 128 928 984
478 486 150 915 633 671 782 407 700 110 500 206 248 84 958 809
821 605 425 321 621 165 717 628 383 434 74 852 639 397 534 87
322 55 57 361 73 371 315 974 466 410 68 212 194 501 162 588 624
709 440 439 380 29 673 758 309 923 299 896 698 789 265 234 872
384 223 390 379 526 278 325 337 235 43 202 521 843 522 776 722
817 26 630 190 510 467 479 189 842 257 533 951 880 92 557 881
269 917 40 771 233 122 822 216 876 750 