41 912 279 642 769 155 654 985 141 682 869 108 408 127 159 687
583 274 690 956 581 325 424 648 764 2 700 6 530 165 317 472 94
495 726 907 34 248 311 943 611 877 590 446 66 228 717 253 291
727 243 841 138 386 500 538 307 404 486 412 350 334 568 415 650
539 496 892 308 373 557 226 565 883 657 149 492 971 186 384 377
989 599 895 855 792 111 928 55 814 526 736 353 870 382 644 89
865 251 348 862 787 731 264 198 710 906 23 356 504 85 887 545
873 405 475 879 884 663 604 224 677 678 95 556 746 257 777 233
112 399 685 975 533 618 692 7 789 799 589 416 602 344 703 365
597 688 417 460 374 221 684 885 652 69 468 665 563 314 9 846
160 548 559 262 931 560 785 235 48 476 379 242 760 263 184 86
625 752 622 786 797 811 360 