665 225 402 31 135 22 947 935 404 553 192 303 107 148 376 385
64 635 679 683 917 872 333 993 110 808 0 892 50 302 184 198 773
799 592 724 108 653 414 40 829 395 775 413 874 384 866 960 490
862 886 805 244 288 700 102 165 488 96 823 622 281 944 528 226
538 389 125 968 492 319 549 766 21 201 194 758 340 570 877 838
608 1 696 803 729 545 639 178 911 984 780 339 33 296 54 655 913
94 600 124 850 87 287 92 172 136 955 739 646 162 88 669 80 712
702 539 909 641 744 52 250 970 364 352 878 248 694 489 542 93
720 8 259 336 557 122 563 412 258 49 642 704 748 168 793 759
987 890 228 120 471 754 372 884 393 62 769 346 952 121 835 97
940 359 861 197 278 