548 766 420 190 215 571 927 654 709 615 950 770 266 160 592 917
213 119 358 942 652 667 658 878 444 935 637 899 6 246 978 576
47 488 111 518 275 598 12 338 170 563 149 921 212 279 386 704
835 753 30 515 470 673 236 84 200 473 971 183 930 839 307 327
556 37 14 87 932 197 80 58 642 545 525 392 432 830 674 815 336
286 253 314 911 46 934 5 714 909 737 963 216 805 490 291 683
553 284 580 413 34 802 644 320 564 688 975 52 645 620 781 38
959 419 933 53 887 780 850 916 786 145 965 112 734 941 695 609
723 485 62 662 508 791 337 760 409 79 529 581 701 456 107 254
174 613 843 624 75 631 677 318 86 853 551 606 2 997 747 340 15
700 511 739 135 794 690 292 88 614 746 182 426 521 954 146 280
823 130 48 178 241 377 423 504 108 372 536 376 433 661 480 169
618 733 