632 291 310 984 989 402 665 697 194 444 886 198 456 243 144 646
204 420 41 203 467 829 888 701 668 433 963 248 66 893 658 663
486 331 569 779 639 344 990 224 601 461 191 239 114 714 438 680
784 452 289 297 587 567 382 996 936 864 109 101 16 673 481 457
396 667 816 206 586 777 139 604 753 533 320 804 384 865 914 517
575 401 334 25 794 150 43 477 512 263 269 901 568 558 970 155
276 994 843 30 720 238 703 218 437 572 751 650 350 168 799 130
406 483 480 125 251 17 455 451 792 968 78 765 122 5 504 834 942
373 287 430 689 379 866 492 259 199 628 202 255 63 764 96 582
542 154 286 566 656 707 561 583 726 631 103 428 501 99 768 593
417 365 853 108 678 641 485 128 369 175 659 923 616 169 803 791
134 624 107 596 541 425 775 172 733 18 931 370 229 851 969 185
985 149 