579 493 680 294 146 336 17 172 629 682 766 162 82 26 605 653
984 401 909 528 725 289 836 751 421 542 729 941 467 650 810 469
987 794 565 882 586 160 312 953 742 152 159 657 904 180 96 424
190 29 589 153 165 363 686 177 523 466 74 366 50 28 365 889 720
169 445 843 324 472 487 382 566 42 664 690 287 150 179 213 262
667 334 222 860 940 436 789 692 296 215 36 73 353 910 197 753
727 562 66 779 234 691 937 227 297 844 668 830 77 418 308 477
3 136 847 402 340 232 907 230 536 804 346 788 280 250 838 405
80 744 247 304 922 867 233 219 695 991 590 85 409 417 588 432
869 718 202 49 240 700 22 791 632 955 253 851 214 932 513 621
852 647 649 377 204 617 603 25 320 81 875 674 505 805 524 928
978 607 577 203 655 965 662 404 301 923 666 201 934 244 693 2
212 576 70 