896 505 738 491 591 97 148 418 406 863 287 815 115 30 463 12
773 268 724 294 310 333 504 644 893 269 904 709 447 757 979 621
492 903 521 232 977 341 559 490 978 981 765 293 741 543 688 995
191 265 54 358 407 364 389 649 622 74 300 50 383 674 914 784
502 345 848 927 739 234 267 466 608 242 468 388 413 756 810 375
226 399 393 532 286 549 121 277 77 653 919 951 816 818 201 699
864 835 931 680 801 831 238 762 472 387 926 905 482 281 131 588
157 99 57 963 106 181 755 309 409 541 982 804 785 877 107 943
306 416 596 454 721 687 975 806 508 552 367 819 519 117 655 783
880 229 385 142 386 498 420 440 16 888 327 159 78 382 759 403
813 823 145 647 464 436 209 947 641 335 27 273 954 912 42 153
136 