101 650 219 993 689 235 640 128 609 879 944 698 752 426 188 42
631 300 530 679 949 732 742 208 830 881 594 9 387 348 627 583
550 720 927 810 319 769 398 952 193 837 391 584 381 875 476 445
702 988 610 727 657 523 419 492 706 37 740 568 621 198 131 25
402 404 889 946 615 506 991 26 185 322 876 770 399 734 548 202
253 604 129 978 551 324 970 494 504 510 479 170 35 20 17 155
371 400 728 469 836 731 928 557 257 414 223 547 593 792 158 549
700 286 791 19 291 140 439 660 63 287 103 120 491 422 554 213
86 773 382 924 671 655 507 741 544 713 869 40 221 534 880 699
480 777 864 14 543 447 106 846 211 979 328 587 754 160 821 51
338 982 996 401 539 641 908 83 915 983 473 935 461 308 490 62
788 75 630 45 397 849 272 148 423 955 237 724 346 174 733 969
497 437 519 570 