659 442 104 12 967 497 164 883 583 412 445 393 336 124 737 216
325 163 719 151 122 45 587 181 417 99 812 450 258 498 391 197
649 334 504 153 67 558 834 60 387 900 58 239 903 204 787 372
35 536 965 994 409 133 673 230 898 963 140 375 956 553 724 460
500 132 292 106 817 698 382 329 909 980 491 189 968 30 677 211
637 605 43 678 841 255 604 250 340 267 600 866 708 400 408 168
201 663 938 577 278 116 742 309 778 672 892 519 830 786 984 37
420 299 436 764 405 256 221 516 862 729 913 350 669 481 465 26
627 399 912 767 689 225 716 654 510 383 922 351 368 573 218 348
77 8 634 925 638 435 244 554 920 881 240 284 138 219 192 51 333
939 589 726 964 945 629 324 711 790 31 511 777 345 