208 315 558 989 114 105 443 415 880 453 785 479 680 695 172 988
318 418 531 306 964 116 231 79 440 833 987 328 878 324 658 574
535 255 452 993 247 945 150 487 795 838 500 267 266 344 855 617
752 643 337 737 711 302 432 816 132 21 842 435 802 690 979 588
219 815 791 826 69 413 382 596 649 746 376 614 829 675 822 653
329 134 540 416 113 481 73 408 451 74 957 298 747 974 836 322
454 512 448 224 665 812 882 290 920 148 889 4 932 363 55 757
834 282 730 293 642 115 53 600 343 393 8 250 523 845 109 544
137 271 976 991 229 375 670 383 204 390 123 187 265 883 716 709
182 661 207 659 118 379 438 805 14 727 442 625 915 624 357 778
753 420 154 388 626 430 738 967 65 48 766 584 341 633 