413 30 409 939 126 101 868 509 957 569 637 651 364 675 871 116
137 33 678 46 633 723 434 389 117 732 82 160 350 575 270 80 973
133 172 60 695 268 493 587 665 431 358 384 564 220 980 183 619
954 950 84 210 559 469 556 635 768 190 42 300 303 936 9 860 27
274 839 523 579 529 626 885 982 13 178 304 200 444 427 242 555
960 864 483 647 696 392 214 477 739 753 111 883 899 398 811 742
377 150 283 680 522 175 91 95 788 48 128 485 943 235 410 32 767
373 572 776 263 240 640 188 560 28 120 904 219 311 685 689 533
357 281 221 634 654 4 600 217 892 984 484 588 181 344 336 395
288 388 844 155 35 499 15 251 510 102 849 972 683 482 547 216
234 959 450 809 61 