148 745 188 659 549 881 96 587 210 368 431 827 109 146 771 623
140 166 355 29 927 575 880 602 901 931 970 395 437 169 240 202
920 555 310 741 726 925 383 979 332 33 399 704 530 624 83 42
422 692 592 164 695 677 173 780 841 863 132 743 91 494 249 674
306 284 489 339 452 715 871 522 539 884 725 732 253 320 570 717
900 508 450 215 381 8 271 702 782 257 268 830 338 580 514 149
762 971 787 713 866 254 374 982 484 912 35 657 954 375 794 888
799 159 131 60 292 436 554 346 347 304 564 213 342 99 481 779
134 579 236 996 493 222 454 969 16 400 958 533 336 903 793 935
219 419 675 599 641 983 194 512 122 54 230 945 38 723 783 819
170 20 143 456 129 186 21 160 854 32 307 