616 227 598 55 292 91 402 154 736 894 829 824 338 88 609 833
913 794 0 657 413 89 954 649 778 251 9 85 938 116 516 353 357
237 522 694 701 447 691 13 416 893 741 631 158 231 972 603 142
349 211 537 904 651 358 58 709 758 161 761 747 133 923 362 647
801 877 786 499 276 39 612 533 852 406 84 234 595 48 249 796
259 316 271 676 151 404 549 663 320 137 325 702 492 296 438 432
462 472 220 953 996 260 641 282 656 74 560 403 559 152 529 177
301 557 486 740 25 518 686 261 672 988 844 266 71 169 724 92
696 546 360 965 444 552 507 867 967 789 952 608 107 167 435 287
584 613 515 252 654 369 409 305 466 218 33 264 885 391 253 589
103 60 711 508 792 280 532 828 385 914 565 860 874 548 321 102
495 375 669 363 449 73 921 351 525 944 638 