237 808 765 69 12 929 913 65 436 166 73 513 971 470 168 43 186
954 368 89 226 165 562 901 870 170 1 97 90 914 882 707 308 723
454 390 689 453 933 457 782 387 102 295 249 581 505 122 420 686
507 583 101 705 161 893 280 886 50 897 687 632 959 791 498 696
175 799 871 964 943 926 145 867 18 45 712 358 344 523 484 750
666 614 397 409 250 444 246 15 110 636 419 855 108 47 989 193
532 725 571 315 573 576 924 883 570 589 407 751 990 49 408 443
119 203 987 252 293 617 854 966 548 593 672 191 904 580 312 117
374 25 865 202 58 884 896 501 975 98 743 66 149 240 827 697 33
245 722 651 952 16 292 673 366 100 587 241 182 569 905 646 124
228 700 546 650 275 863 611 506 195 648 449 286 81 605 268 953
566 32 423 738 401 5 92 