657 859 19 252 260 238 897 16 631 425 595 881 188 653 452 817
7 136 496 345 648 647 454 168 259 622 42 103 707 453 875 534
980 106 69 186 895 95 220 751 908 448 878 26 167 992 815 329
805 518 770 28 902 611 682 723 277 166 455 841 353 909 342 807
949 43 60 266 613 786 176 94 236 757 137 609 787 226 968 917
885 600 490 856 123 871 982 298 360 290 912 976 774 449 610 439
788 686 498 393 887 506 688 82 146 726 364 140 764 206 695 711
369 161 811 278 922 121 11 229 900 632 474 334 247 722 35 158
263 850 842 99 151 708 322 654 643 317 974 617 376 251 419 408
701 845 401 305 96 473 280 605 207 295 222 239 956 476 771 999
23 310 734 569 410 558 699 650 963 386 848 193 720 262 969 830
163 212 501 566 80 725 46 553 365 926 89 592 178 416 835 981
642 521 488 840 899 