140 844 380 102 301 788 311 452 98 860 195 255 408 989 520 800
979 252 632 687 674 443 405 389 167 206 43 775 216 964 745 278
126 814 729 295 335 725 392 815 411 358 508 398 698 453 499 237
726 114 74 990 614 650 842 928 391 49 300 806 46 535 999 209
88 433 519 365 7 639 317 779 179 38 754 225 122 622 437 885 322
478 879 970 262 90 664 855 848 58 29 640 773 514 52 936 47 406
686 738 938 440 656 866 742 886 593 528 966 353 902 266 529 616
911 435 895 217 740 150 784 831 376 247 416 229 125 10 985 544
224 660 871 152 751 131 591 246 998 838 283 428 486 657 525 83
165 676 11 827 22 547 65 567 959 978 526 244 345 565 722 197
444 953 761 931 375 