249 394 767 958 51 611 826 109 493 241 729 497 994 236 591 290
431 904 863 37 307 58 454 534 823 353 460 330 647 877 541 879
164 975 794 406 321 467 739 849 492 727 27 474 495 328 825 287
908 21 999 667 731 948 517 90 721 956 137 600 84 301 854 986
621 347 791 380 183 861 417 282 735 327 891 47 222 558 557 982
32 651 36 827 778 674 792 641 857 441 960 365 176 410 464 984
385 289 602 167 64 281 10 446 518 915 315 836 572 273 225 516
843 312 644 524 229 453 466 449 16 480 795 988 213 234 578 117
61 947 191 807 336 755 629 35 742 878 54 158 442 519 194 945
883 89 676 612 218 296 226 902 426 963 894 642 124 103 31 13
677 704 606 738 875 805 159 779 507 505 613 409 148 447 852 383
687 692 985 654 543 760 847 50 573 663 785 751 970 898 34 538
487 396 155 656 318 905 696 356 134 973 6 