2 684 165 916 832 48 632 549 540 410 618 875 582 944 113 124
201 219 566 971 818 856 614 537 777 569 188 683 254 649 469 567
274 348 645 977 157 390 391 279 12 424 873 636 492 773 668 785
293 392 283 762 907 728 115 884 782 297 268 925 44 601 539 548
439 471 65 697 443 854 655 177 780 606 738 496 40 595 822 798
625 116 249 56 437 339 528 634 125 883 500 862 924 495 555 292
337 235 409 231 577 929 276 959 267 436 981 257 205 564 838 653
465 380 815 80 162 305 208 240 60 628 624 101 831 141 771 775
887 930 136 914 716 637 406 968 252 913 800 596 597 296 820 607
336 466 196 921 560 529 613 427 182 504 542 760 355 404 50 415
593 801 739 