844 478 645 975 862 103 840 200 790 517 595 156 238 665 832 623
218 562 624 122 488 434 329 664 824 775 535 677 308 88 472 92
142 758 123 730 887 927 991 405 536 132 793 893 119 732 389 245
239 191 527 104 825 464 233 779 332 80 379 6 242 920 33 794 314
278 138 22 951 428 944 957 254 709 621 454 421 481 255 29 217
601 315 26 962 658 819 192 185 345 195 759 35 581 24 661 875
516 445 344 580 924 376 674 363 971 209 150 911 834 153 585 629
967 618 100 879 348 21 986 160 778 183 38 635 182 480 64 96 570
97 791 523 235 170 539 820 364 57 772 337 515 589 756 909 215
394 448 943 243 739 351 108 452 438 432 766 987 855 4 429 346
269 916 334 295 53 608 767 921 644 642 453 226 547 392 717 261
713 