970 940 549 219 374 130 660 276 163 822 141 826 97 195 391 10
304 618 878 692 422 924 702 325 121 62 604 40 856 28 169 911
556 223 880 972 335 170 314 860 725 631 191 758 228 737 394 773
439 523 687 982 990 941 792 887 578 43 342 408 351 512 478 731
868 252 200 927 957 145 253 432 203 973 490 818 157 112 275 359
79 842 962 264 479 37 209 603 13 472 309 323 36 487 565 781 404
636 249 643 44 164 784 756 831 310 484 83 862 116 648 91 77 274
204 430 854 865 234 765 126 977 830 440 788 305 819 86 316 857
205 504 705 367 663 626 922 326 615 801 729 65 104 53 685 109
231 348 802 600 589 452 95 534 700 800 156 551 967 428 717 986
633 506 910 471 706 88 568 78 159 267 809 256 795 882 265 