926 85 565 954 275 924 638 314 582 115 84 284 812 475 285 797
142 710 79 963 78 8 31 318 452 274 230 249 686 466 764 421 802
123 989 704 670 219 194 955 113 353 789 98 672 780 453 225 216
319 198 256 842 651 944 191 951 964 246 223 863 358 572 462 282
765 751 957 2 81 773 502 974 983 92 528 89 858 678 173 374 99
109 0 415 159 586 376 324 988 212 817 960 864 664 835 86 384
557 18 456 683 626 206 693 760 645 326 872 130 382 915 518 515
259 209 480 784 300 593 948 340 311 889 611 798 700 193 827 138
607 834 666 598 733 822 38 552 43 687 521 933 208 806 885 899
390 851 437 5 739 549 227 736 936 182 446 747 701 306 473 315
45 365 61 977 860 143 819 743 699 73 613 24 226 542 998 469 303
247 172 779 585 304 422 