662 503 992 753 568 861 522 764 761 993 243 389 178 266 994 97
779 774 650 482 831 105 170 655 296 222 442 274 513 417 372 646
91 75 803 76 659 83 16 516 111 22 171 678 933 183 749 138 484
483 899 82 449 84 371 531 509 255 459 608 35 67 948 425 841 418
721 773 826 273 592 142 69 884 693 597 174 491 977 787 107 825
155 897 26 981 132 512 137 665 667 205 554 788 150 229 896 447
96 475 735 289 502 277 493 351 682 166 199 882 759 481 810 686
492 862 297 209 790 498 385 683 57 539 327 766 630 680 972 283
160 302 432 523 278 771 813 974 607 452 685 241 976 152 796 64
927 742 848 249 561 758 8 18 334 299 858 894 586 575 217 275
510 799 547 443 1 565 345 353 599 726 556 756 413 63 310 800
583 988 697 206 585 635 451 487 72 517 563 260 879 876 123 47
49 15 760 842 146 569 455 