274 622 328 510 195 272 790 331 192 809 889 9 186 409 717 187
952 646 140 312 738 576 347 744 146 985 552 633 80 373 120 944
353 943 308 766 505 259 229 553 515 509 271 282 860 204 172 472
640 87 395 225 338 354 688 711 238 563 457 128 385 72 206 102
859 867 182 656 570 956 141 665 728 987 290 946 716 821 400 106
651 924 730 550 421 749 735 825 18 467 107 911 926 909 574 648
485 616 138 508 188 44 436 591 211 532 645 240 30 36 872 654
815 134 555 650 124 978 779 964 601 326 810 747 478 537 424 357
45 661 227 415 46 769 701 270 437 611 148 293 223 864 822 639
96 177 666 431 801 178 608 201 800 549 904 248 805 854 689 824
596 396 617 663 865 671 781 652 833 216 674 866 161 64 884 901
678 392 330 783 116 