732 809 595 281 88 304 489 538 106 864 157 95 588 261 914 425
777 554 247 52 617 510 141 58 362 381 196 603 338 458 0 598 94
676 228 740 264 514 531 906 700 566 390 219 989 757 75 527 884
904 980 748 896 837 239 192 11 211 427 189 393 421 585 565 276
628 77 785 728 202 759 522 978 372 176 721 473 512 868 370 786
539 227 312 207 439 839 256 385 629 954 498 155 2 152 659 80
378 545 327 3 179 161 692 652 560 288 231 750 282 467 395 468
686 291 674 448 422 969 342 70 821 505 136 506 59 299 212 766
890 71 795 186 667 838 410 965 877 453 379 945 783 542 814 190
634 823 139 524 340 56 110 305 464 484 947 865 10 92 842 563
925 248 1 630 183 882 623 596 662 108 114 977 90 747 55 781 36
902 601 51 42 551 997 817 532 18 255 916 991 810 74 