513 405 1 711 550 574 20 283 310 470 852 866 141 877 879 549
300 697 523 272 899 744 366 953 52 56 233 219 231 742 716 97
772 736 183 861 288 567 36 734 512 398 671 397 101 237 161 17
846 376 217 710 484 989 372 373 291 442 336 34 390 667 165 296
633 811 177 508 658 929 292 362 779 499 107 747 264 521 42 853
170 572 571 298 471 705 339 578 317 808 293 971 27 269 324 700
31 381 897 477 167 931 631 248 918 402 963 640 524 157 234 607
239 857 611 106 152 952 796 891 180 320 4 313 485 188 675 616
636 91 662 945 659 761 140 680 608 565 591 901 787 431 185 657
569 155 277 916 302 540 726 690 670 45 99 553 229 763 305 391
213 956 584 280 457 