506 450 237 341 317 194 741 105 210 302 531 994 293 357 88 703
910 377 601 673 493 168 48 866 638 924 972 956 944 548 556 34
961 609 289 568 280 389 279 155 625 834 582 844 624 31 872 137
769 686 475 374 163 529 219 575 951 976 652 381 240 407 305 646
221 786 275 74 425 916 848 471 145 233 273 765 837 984 465 67
856 234 952 376 87 467 671 196 720 554 700 794 492 836 403 592
310 456 199 541 897 667 586 349 577 723 875 919 947 687 52 599
873 666 891 200 345 411 207 432 398 239 761 576 852 771 851 776
100 747 138 45 254 571 764 410 857 375 424 694 440 86 989 178
382 696 98 877 122 435 540 489 900 657 689 17 656 996 602 927
422 263 491 339 958 94 680 855 287 549 29 332 726 895 431 986
401 192 85 735 716 84 319 644 50 281 658 758 46 68 423 28 201
164 6 248 782 