506 544 437 666 154 31 478 517 964 57 252 64 583 146 133 503
524 931 477 637 300 580 568 239 709 707 808 49 482 639 2 311
917 874 272 55 959 915 944 376 839 617 523 742 877 807 396 773
94 684 530 427 977 140 549 818 575 425 968 159 492 670 588 756
283 552 765 435 27 593 889 486 646 309 452 381 224 649 12 732
28 814 658 540 827 120 870 397 359 589 333 988 360 151 710 66
661 760 739 571 293 550 361 256 88 608 641 972 822 215 551 440
315 16 423 383 534 280 775 613 294 47 167 494 890 246 465 230
410 36 948 574 843 260 40 400 193 180 850 476 353 794 370 347
126 562 869 172 805 416 235 578 54 3 939 485 687 783 371 965
963 844 419 402 500 152 845 232 825 851 938 86 251 904 302 788
602 868 546 385 881 656 14 733 200 349 669 801 504 340 473 741
