107 6 347 775 913 957 780 534 509 228 748 336 853 187 574 732
484 572 213 594 327 457 863 970 671 526 730 973 433 722 41 436
193 880 260 711 499 737 337 69 621 53 406 759 590 975 500 998
148 606 631 283 943 504 700 752 642 875 678 634 332 71 169 16
947 237 883 276 900 62 540 920 758 652 619 411 536 815 72 120
728 555 181 468 608 916 246 348 886 586 767 226 870 184 382 370
554 129 12 476 244 961 494 461 792 145 66 598 470 288 768 333
21 427 212 387 317 178 717 455 925 401 167 124 783 963 420 101
320 83 773 884 106 438 111 538 965 214 897 843 777 980 268 841
968 38 44 582 874 618 491 305 161 331 133 197 761 70 531 383
391 147 890 386 423 666 403 278 87 804 831 978 118 788 446 381
199 211 696 651 37 960 712 486 450 259 277 318 930 508 655 553
86 367 335 693 885 153 847 907 