723 789 16 288 607 923 712 398 94 555 27 44 690 296 35 287 175
604 346 973 60 66 69 149 404 53 580 526 629 813 461 581 742 80
771 419 523 145 863 995 10 250 803 548 367 365 959 416 360 952
725 572 384 779 117 41 701 965 12 140 482 125 191 978 830 534
96 992 387 396 699 645 871 626 252 729 158 630 151 234 808 446
88 124 338 527 228 486 756 602 100 318 411 585 376 467 891 201
436 748 794 334 976 271 781 441 165 583 740 39 841 520 332 778
684 256 155 777 190 672 937 70 229 479 768 314 698 981 997 417
765 406 560 308 643 861 540 902 676 717 848 484 385 818 574 276
623 351 754 17 462 349 297 571 259 948 682 956 811 333 785 634
156 361 353 829 916 330 323 345 989 408 873 689 575 108 859 620
898 202 429 522 54 