812 532 925 222 832 888 192 147 2 376 632 477 625 429 320 406
42 413 718 894 234 96 359 113 437 390 582 155 518 85 190 729
410 12 941 887 965 536 799 79 521 430 764 690 893 745 815 506
478 228 665 740 553 950 567 422 750 837 760 773 674 527 963 580
10 880 791 170 912 167 797 28 5 693 103 436 593 979 584 631 564
823 162 382 572 947 516 722 936 219 907 29 678 256 262 243 199
673 341 1 290 368 776 790 443 996 677 719 726 669 52 428 731
397 820 173 866 110 555 695 763 107 53 817 260 313 675 459 142
371 954 239 699 940 392 789 450 253 983 595 544 216 563 755 698
303 997 143 586 881 258 130 323 484 82 240 0 296 854 645 139
603 685 637 711 127 125 754 850 522 777 472 490 423 549 867 528
166 399 164 883 76 759 874 926 686 487 309 174 611 417 17 183
792 801 273 663 610 735 885 980 568 