849 193 874 649 793 176 316 696 847 823 730 569 573 275 294 346
243 296 675 774 399 36 755 107 622 24 667 20 145 859 541 514
109 658 387 940 927 80 999 742 94 61 408 580 576 608 248 438
432 701 992 542 945 797 23 990 210 761 279 959 147 46 86 183
953 370 521 301 166 224 770 121 681 802 524 487 236 237 705 813
825 170 672 421 347 303 317 978 89 433 803 249 516 838 924 896
965 881 657 190 883 95 271 238 503 484 466 748 319 247 769 502
757 409 583 579 292 930 796 615 975 836 31 450 140 688 25 518
360 373 56 474 931 400 946 897 843 917 744 159 404 148 414 51
832 181 603 698 517 676 425 873 750 589 482 653 609 934 884 396
