435 634 10 886 809 820 191 661 803 884 154 905 641 434 57 483
952 87 140 502 594 218 276 89 635 858 461 64 159 738 437 208
735 951 376 211 232 517 354 143 532 733 740 629 675 207 59 974
924 75 601 45 488 169 557 875 306 833 202 387 447 240 705 786
830 717 908 487 592 365 433 612 530 608 28 524 944 396 113 614
909 533 946 921 963 508 600 892 772 183 80 806 416 273 681 77
813 103 851 473 525 969 760 406 266 704 666 326 838 460 795 540
471 570 327 898 771 233 679 689 967 827 206 171 966 791 766 732
2 163 489 494 347 102 220 563 757 170 453 744 402 287 451 398
770 23 116 392 121 849 938 995 778 425 639 279 731 948 198 595
313 996 543 665 876 840 978 363 850 418 928 899 645 404 793 510
12 146 369 973 244 322 773 686 544 443 91 832 381 