435 45 644 220 108 249 979 187 974 128 818 917 196 88 345 652
663 307 828 284 450 690 630 573 142 481 225 673 983 548 378 179
60 84 289 18 336 189 959 667 611 421 341 976 709 760 67 448 15
365 125 696 615 856 95 715 148 838 7 880 522 436 686 641 62 909
97 845 420 241 244 941 971 138 222 596 281 297 743 734 936 683
599 247 321 793 168 136 40 464 930 633 246 966 629 6 113 181
757 215 825 997 426 362 924 842 661 775 66 130 736 68 199 708
669 920 41 161 875 171 467 111 356 877 500 513 876 122 608 866
960 224 558 17 103 542 248 475 806 742 964 227 480 87 595 650
695 986 442 271 602 406 384 337 598 340 913 102 507 119 640 721
159 805 851 324 704 707 330 888 545 556 234 802 393 381 