363 552 631 501 406 139 799 60 283 29 187 801 300 337 488 757
812 439 398 952 972 228 949 242 490 423 999 88 778 466 403 381
284 420 98 601 195 440 718 768 584 713 373 359 165 769 819 119
321 44 996 709 254 622 921 142 30 382 127 905 618 775 696 223
756 689 783 945 296 760 894 479 814 140 303 638 47 401 309 502
215 472 811 239 185 849 841 428 134 345 469 96 807 937 395 494
177 174 500 809 912 53 487 725 265 399 526 32 820 389 702 376
295 982 788 786 519 901 156 548 523 431 230 463 3 170 250 754
152 693 89 465 43 211 506 730 517 662 180 763 780 560 260 606
364 101 421 434 933 198 962 371 688 70 816 881 659 276 145 528
