450 23 712 957 496 402 170 314 898 201 66 927 38 739 858 73 705
553 428 382 775 663 731 826 750 946 31 388 232 69 471 715 892
776 577 841 209 394 348 513 576 653 226 268 244 671 391 269 590
660 833 414 928 850 317 839 498 37 237 748 809 585 569 548 432
888 641 912 384 320 290 555 243 813 613 184 297 212 520 861 900
895 250 952 724 199 40 683 831 337 857 125 661 101 810 205 595
756 856 248 838 345 256 906 85 132 696 55 811 119 328 138 63
586 746 28 638 955 171 784 601 373 155 510 251 786 87 713 986
726 804 84 375 686 91 13 598 230 646 903 273 921 688 872 239
718 789 975 247 732 518 848 692 682 853 535 785 253 762 604 129
477 102 260 163 