362 571 32 5 422 12 731 926 306 564 522 562 709 818 293 803 478
793 173 902 376 1 578 482 770 210 652 977 734 205 80 78 50 554
147 935 589 919 765 937 545 328 748 486 321 374 207 787 676 613
349 491 646 924 950 943 855 299 717 946 133 119 323 846 777 548
502 805 156 684 999 625 611 46 749 87 212 566 69 180 308 704
241 14 249 380 901 808 661 892 592 143 469 650 138 643 540 574
22 923 268 457 948 426 312 653 858 677 480 297 269 995 925 189
107 248 868 157 511 242 755 325 367 385 460 144 863 536 106 330
939 177 801 417 20 360 58 535 115 899 31 275 98 952 375 964 970
343 795 423 631 186 912 243 869 984 39 842 622 288 61 19 342
163 771 244 736 283 154 206 277 730 747 315 428 