339 71 918 197 350 196 135 234 535 9 717 297 79 403 521 31 370
497 637 603 822 443 903 362 857 784 233 216 793 804 378 210 719
310 81 874 799 242 588 122 53 802 736 302 714 772 336 180 679
199 327 578 51 562 636 17 84 300 146 755 369 952 634 897 149
795 525 293 316 413 351 342 16 241 621 266 7 473 590 987 930
92 375 289 190 472 172 249 839 153 926 357 260 151 695 623 204
258 487 541 143 252 882 144 887 198 111 700 70 67 203 349 449
304 489 729 707 215 974 520 193 239 140 698 63 220 147 960 154
986 158 883 917 178 999 312 812 427 834 547 958 530 10 45 774
953 244 911 638 290 451 319 243 195 765 617 725 522 176 907 957
591 635 431 187 900 740 720 414 640 211 376 800 687 866 785 