122 829 674 659 5 421 749 681 682 210 224 963 608 767 951 286
499 615 50 576 7 67 623 118 670 967 136 143 423 797 42 779 13
917 196 433 347 381 409 367 428 601 636 960 496 769 38 159 34
388 349 790 138 177 988 823 74 635 91 271 841 839 719 425 32
709 707 466 364 958 533 911 377 144 696 82 780 865 598 745 402
225 153 372 17 226 339 941 36 329 639 490 315 115 773 465 695
149 174 828 625 588 729 124 418 416 609 333 65 229 236 314 274
172 831 846 178 728 90 310 261 60 391 518 479 926 927 440 913
712 587 494 504 739 393 296 600 548 471 344 872 376 698 655 58
399 971 247 20 644 207 845 436 565 45 534 435 134 970 498 324
365 891 688 921 923 280 424 947 990 444 291 502 22 678 689 232
987 808 708 564 627 199 431 665 854 559 492 849 553 984 373 92
738 119 622 558 935 258 962 