624 795 732 436 419 297 388 550 633 304 855 322 323 407 898 938
233 573 523 402 272 760 360 916 219 824 549 395 336 153 78 183
981 8 426 83 180 311 761 518 411 652 654 437 152 299 743 480
665 191 904 802 451 204 873 319 103 976 714 876 734 165 404 493
786 301 84 660 749 715 131 368 250 488 394 941 247 709 113 555
137 421 181 246 457 70 482 911 147 984 50 568 498 548 427 45
295 418 223 462 287 918 613 769 927 713 325 699 475 76 321 31
913 492 167 766 603 706 717 2 207 790 793 546 328 66 808 495
863 155 707 828 992 814 159 645 829 942 572 556 439 199 281 422
521 486 205 369 788 532 82 625 543 812 241 830 775 111 708 618
105 796 209 650 756 392 581 251 114 577 192 757 157 176 832 