298 304 655 723 990 451 229 786 924 671 556 554 596 644 578 75
706 643 954 956 798 789 774 531 315 673 937 127 715 942 585 235
636 323 876 628 812 275 695 754 319 515 888 36 863 397 445 391
879 765 69 929 346 625 993 378 90 950 411 662 597 637 154 429
54 344 49 212 111 965 390 157 352 175 689 421 283 941 8 562 640
857 424 360 528 685 311 845 903 964 195 88 976 438 22 854 442
837 261 744 987 398 830 802 533 871 265 377 450 388 197 589 580
915 594 472 479 948 334 252 645 42 953 329 133 988 140 970 677
546 576 159 143 464 961 266 431 778 301 107 769 682 264 944 833
912 800 811 139 963 387 287 622 930 592 236 55 372 433 339 866
364 201 711 904 639 579 838 725 373 467 828 150 15 