474 836 833 198 304 663 215 578 504 68 224 225 720 909 293 327
620 204 863 988 759 54 269 22 612 172 175 891 928 763 726 267
166 919 628 648 476 818 183 976 470 456 81 56 676 16 71 855 220
547 867 380 758 526 117 239 394 88 868 273 496 379 673 681 849
423 226 934 610 560 929 473 984 520 785 173 582 565 280 308 593
318 373 17 684 698 272 505 506 736 770 493 317 856 611 487 241
252 392 542 186 655 341 107 723 883 237 55 809 425 1 13 796 94
685 447 421 737 957 39 550 768 616 800 941 246 53 977 908 390
202 705 772 975 362 459 882 801 743 515 981 151 980 689 320 112
782 843 583 77 858 37 216 536 791 639 651 29 608 948 892 80 364
101 683 921 606 927 579 412 329 889 693 963 973 742 424 912 59
129 