858 324 906 131 43 135 78 459 221 717 808 593 710 606 964 853
625 396 70 558 914 656 361 871 304 972 959 80 67 277 611 671
472 26 952 788 290 589 473 171 744 960 53 910 539 465 695 104
418 251 605 126 490 159 71 201 33 4 337 996 875 98 240 847 239
534 686 425 807 934 517 924 619 675 483 488 413 225 320 771 618
344 339 667 901 804 546 208 801 176 429 140 669 925 772 783 894
559 709 704 928 403 967 18 516 651 76 146 927 328 962 884 346
151 144 356 746 421 982 375 998 359 191 51 410 143 308 416 84
468 129 333 762 760 181 45 52 417 833 55 168 570 635 492 29 814
263 903 584 950 99 199 533 493 712 479 751 453 437 510 544 878
48 31 956 569 951 68 343 266 580 777 395 278 197 