946 403 368 371 783 934 858 587 652 952 636 889 638 898 607 603
719 835 250 258 632 211 461 551 772 264 186 256 527 582 491 288
393 74 923 944 814 903 766 894 415 190 344 849 989 811 220 59
990 274 260 844 739 215 800 388 167 641 605 30 291 389 818 418
277 959 226 160 78 34 655 510 115 887 961 842 448 355 695 88
868 445 71 533 141 787 318 281 75 615 38 225 862 69 408 741 901
987 616 568 752 162 47 617 108 107 80 257 870 691 132 351 240
205 954 548 711 480 350 784 414 268 530 519 419 66 17 848 184
947 516 646 134 181 166 649 365 11 302 829 440 180 644 487 192
878 982 750 976 353 239 202 579 357 584 424 974 891 52 581 504
710 552 742 242 821 187 489 420 687 118 481 416 398 465 713 888
48 16 971 500 679 207 334 97 983 601 590 454 297 828 161 852
375 