36 374 877 416 597 609 790 691 793 684 761 132 247 235 407 923
633 351 791 298 525 595 243 920 882 2 638 559 159 879 840 461
456 546 602 888 509 319 85 207 934 927 296 541 521 14 49 152
795 233 143 953 955 976 301 219 265 858 827 401 640 64 663 137
25 897 881 545 281 683 259 295 459 213 832 366 864 355 552 799
166 458 169 488 24 611 464 145 750 617 176 623 859 773 762 354
520 174 478 466 664 328 397 957 160 101 659 697 670 494 842 3
502 120 708 725 294 682 687 933 951 144 452 693 481 223 892 454
343 392 254 809 696 901 681 843 666 180 929 9 309 993 22 68 748
208 422 504 990 996 477 393 789 530 260 769 890 116 217 989 182
318 782 654 925 105 77 496 431 315 111 649 67 474 710 792 54
886 384 447 834 225 157 469 484 23 142 643 936 621 358 746 798
30 313 754 909 330 