592 895 514 175 387 46 340 409 259 42 396 750 350 769 856 85
770 290 184 707 950 316 160 809 771 627 641 180 830 308 779 92
161 138 118 980 139 544 841 200 484 982 499 479 3 147 676 721
356 402 91 446 661 536 609 733 485 472 307 747 636 956 453 659
589 804 131 71 263 614 156 50 762 235 829 376 149 365 43 305
217 470 125 758 616 487 877 954 383 782 72 683 691 478 556 631
61 166 822 637 995 886 352 183 247 78 587 19 697 513 734 675
115 504 237 522 345 706 389 198 153 824 192 819 47 318 282 41
272 581 926 75 123 113 897 876 972 848 882 866 793 535 39 531
273 618 150 984 439 505 572 964 90 597 292 774 910 388 527 475
14 418 375 465 105 394 279 275 685 668 207 185 843 654 663 227
520 948 813 899 13 932 354 194 294 