813 662 834 646 974 872 299 758 164 759 736 567 472 315 899 810
326 313 261 766 637 922 753 602 588 837 741 620 26 278 109 244
481 806 855 63 158 452 206 83 322 330 890 651 656 639 213 132
563 546 950 903 246 789 280 178 765 915 373 144 712 32 266 584
740 398 635 895 14 121 880 304 704 255 612 143 192 838 577 114
954 519 72 92 528 412 211 221 556 960 994 682 565 916 205 89
794 316 94 989 949 68 852 190 942 917 436 820 65 877 367 149
526 913 438 323 851 521 802 380 433 957 692 536 657 629 843 58
245 61 459 3 462 231 968 515 390 809 965 623 664 317 251 186
180 179 723 59 134 350 476 443 640 79 201 389 351 345 228 470
385 210 138 229 392 311 67 341 513 551 461 44 