182 909 840 490 51 830 717 245 625 100 920 208 862 7 696 347
259 346 385 529 399 315 309 799 783 658 706 218 45 441 235 648
762 418 403 777 139 475 619 464 216 809 416 202 661 959 247 255
219 419 960 408 422 320 34 940 792 891 768 570 188 670 302 450
413 750 69 724 282 194 93 233 345 890 860 20 316 626 11 330 294
197 802 33 787 394 476 56 349 12 323 389 755 751 186 764 361
896 400 293 402 725 304 561 939 544 230 19 170 116 78 993 775
989 986 178 635 480 532 101 319 748 833 646 674 156 770 536 554
58 348 215 522 387 591 878 593 975 179 421 187 691 540 148 794
81 440 226 849 703 900 410 820 291 467 636 495 586 948 865 566
120 754 201 190 154 242 268 375 435 42 944 92 988 105 64 876
781 