113 298 383 840 442 707 793 169 401 33 676 333 774 476 886 130
405 272 267 638 57 173 679 347 719 138 31 226 784 54 94 53 678
864 906 445 642 991 542 640 508 904 90 671 867 752 850 366 66
12 387 460 539 499 497 755 743 595 455 253 315 750 624 44 254
868 961 888 766 485 330 176 352 998 312 809 296 221 243 466 830
928 148 449 283 236 631 161 948 190 567 789 82 917 915 970 805
910 154 684 342 957 249 737 115 177 599 646 772 465 196 635 873
453 759 86 569 715 995 393 375 291 765 212 680 493 248 804 997
361 198 626 214 385 242 900 585 237 438 349 55 240 256 433 478
40 377 30 648 125 999 872 709 200 313 920 594 903 429 821 695
73 974 456 147 441 837 911 284 247 596 223 674 531 757 536 141
187 