622 146 110 662 258 118 489 198 1 72 440 626 448 227 161 38 556
573 477 713 727 715 513 998 178 329 959 229 539 776 71 960 644
447 74 218 920 746 504 172 796 536 774 942 395 963 674 10 612
522 475 551 915 613 319 23 584 232 78 783 387 899 452 309 98
600 474 950 265 795 707 385 16 435 76 753 242 342 875 209 87
824 736 680 894 426 92 50 5 596 368 176 790 973 316 531 12 710
331 430 765 472 260 463 657 722 854 461 990 396 283 384 791 501
980 995 68 630 705 378 17 362 79 933 843 882 975 743 588 482
729 967 514 429 296 851 895 819 414 999 691 156 350 29 84 235
19 913 57 621 784 132 134 326 438 579 424 257 885 245 814 32
358 349 282 781 637 593 255 394 289 591 480 605 131 864 601 558
537 436 432 787 208 280 15 675 800 565 867 356 940 697 