222 272 405 596 933 273 481 423 440 137 145 480 60 92 89 997
635 257 310 717 327 540 816 111 451 175 744 839 483 79 666 527
602 939 544 144 17 548 379 728 767 600 103 757 179 331 836 976
521 402 694 835 747 385 20 506 140 306 37 708 450 659 742 934
14 347 489 337 478 849 543 82 818 902 841 363 253 790 911 693
927 375 493 900 372 98 246 701 763 84 384 798 42 968 176 156
630 729 426 340 420 534 893 259 590 3 571 609 469 395 628 378
211 172 868 158 35 124 894 382 112 796 731 361 878 264 406 503
809 994 880 187 904 879 399 189 539 827 873 230 151 754 947 626
612 360 952 575 53 319 523 654 629 536 825 555 741 472 449 951
734 794 995 781 563 336 562 567 776 425 670 577 113 218 586 990
304 205 408 57 819 32 960 570 931 249 908 617 961 525 846 65
651 513 851 262 962 726 206 85 50 979 