924 515 94 61 279 498 572 367 272 790 27 578 760 971 89 493 56
291 508 369 961 886 153 809 693 235 301 729 595 176 358 45 589
1 869 422 789 643 875 669 276 228 462 552 808 614 150 782 38
871 26 390 200 510 891 264 968 720 681 106 76 893 437 399 39
334 964 657 832 287 458 688 280 549 247 718 765 616 626 370 497
863 855 573 731 551 239 368 160 273 820 929 33 496 348 197 453
475 778 907 846 173 697 161 965 112 767 797 698 103 954 425 304
464 650 486 636 746 791 113 471 178 354 289 492 3 773 898 15
685 123 635 450 120 953 20 217 47 534 900 138 37 14 77 608 933
452 130 598 314 421 571 582 672 916 131 967 879 750 618 117 388
753 44 467 627 757 