36 499 441 700 165 580 299 267 834 693 618 468 136 334 587 789
240 717 319 380 123 726 771 945 276 908 983 554 96 14 475 519
917 612 859 265 211 551 796 329 901 320 709 374 672 5 687 54
822 262 832 398 818 627 68 425 238 85 24 29 6 263 194 783 571
284 567 232 424 528 260 147 179 326 348 995 891 600 516 701 296
639 535 203 311 850 337 817 509 868 980 273 272 972 335 243 828
373 922 170 212 584 9 330 418 152 458 999 78 72 835 864 325 305
483 397 624 11 95 540 46 625 280 706 711 317 914 806 772 894
886 564 105 406 592 94 768 227 129 719 779 323 844 223 366 689
716 679 920 336 944 217 417 210 991 918 513 74 489 690 880 764
563 950 500 21 836 712 820 694 925 159 304 884 988 955 648 538
354 91 833 135 40 744 813 829 655 622 958 753 