555 161 535 693 323 70 355 348 652 327 14 944 290 589 720 526
911 293 148 927 124 81 900 992 102 182 957 836 928 644 512 943
552 247 612 410 920 274 433 716 207 977 917 691 702 285 683 423
378 815 401 237 518 497 892 73 482 547 250 267 557 184 594 157
994 573 426 361 220 248 888 684 262 382 261 527 359 480 477 839
758 991 136 465 886 305 558 490 556 537 939 164 562 822 510 608
708 721 455 68 192 442 219 643 598 253 858 399 144 658 713 331
996 948 890 630 105 147 287 835 756 800 958 226 804 723 636 395
930 303 369 651 388 587 972 617 249 100 273 385 962 806 214 596
209 45 356 583 682 561 270 742 462 844 506 43 988 615 805 707
12 757 789 344 373 363 255 803 126 541 950 818 