232 4 729 991 396 718 917 300 739 234 576 330 247 698 281 24
700 86 760 251 22 137 357 524 715 577 806 683 311 451 900 333
873 466 47 105 926 214 323 831 404 149 560 976 377 630 264 506
569 746 104 129 741 943 919 181 510 911 876 208 327 528 682 803
787 572 735 430 13 532 79 645 763 731 0 828 632 651 722 912 955
820 441 224 258 531 661 69 893 152 840 89 523 614 204 859 802
178 233 445 800 982 36 710 475 678 825 71 625 990 672 50 235
325 324 308 872 970 292 226 256 426 61 41 694 640 163 206 153
635 906 52 200 952 584 896 418 924 353 465 867 723 573 167 725
519 478 59 819 40 734 650 366 923 175 850 987 518 131 969 939
604 424 561 743 571 133 626 249 397 437 565 653 44 801 