559 620 840 251 328 784 167 905 183 880 745 958 747 887 180 678
380 670 703 475 618 285 301 870 516 939 519 520 353 946 786 222
302 700 244 420 366 534 661 708 241 972 669 627 226 680 383 829
432 830 461 97 210 490 821 550 2 645 394 836 273 554 886 340
7 123 835 609 26 766 641 827 35 515 440 781 727 679 450 101 594
305 134 156 228 116 691 413 651 339 60 193 491 22 509 517 959
292 127 761 77 122 212 159 592 844 850 757 331 522 940 382 599
399 918 668 236 832 455 46 948 100 258 372 329 289 564 308 198
548 336 866 998 335 8 395 0 997 610 230 367 841 190 473 401 495
291 277 586 51 465 736 569 906 448 636 682 896 337 913 765 45
225 283 386 601 370 925 924 492 320 362 154 61 290 621 