383 402 330 332 87 222 90 712 752 740 128 848 516 325 627 45
484 827 851 884 654 817 645 175 266 891 126 70 933 856 677 197
297 613 707 3 667 809 861 239 433 191 14 695 883 464 568 290
969 81 553 160 903 533 280 299 271 745 487 243 609 469 822 536
934 457 99 643 111 535 652 583 953 372 212 326 620 586 985 71
829 796 186 600 859 404 301 505 938 803 350 432 880 370 560 459
123 436 43 979 162 896 8 456 910 592 119 471 574 438 357 986
110 642 187 937 427 200 233 276 210 133 544 390 581 981 944 147
339 683 739 38 483 311 489 779 635 567 279 96 555 909 995 261
485 291 502 89 999 571 144 900 335 532 382 709 24 340 906 632
361 973 82 13 274 966 80 188 221 232 543 634 362 405 358 313
343 526 385 639 363 876 194 145 316 83 980 801 658 244 913 356
283 668 263 839 349 916 384 39 42 686 