239 797 361 481 293 551 230 320 384 4 572 801 687 944 764 955
547 766 639 774 92 832 676 862 312 18 884 467 828 921 980 260
73 812 252 575 156 483 372 938 352 785 373 557 692 246 897 410
72 736 206 632 505 711 356 931 958 866 666 480 521 111 278 761
510 162 74 647 907 367 616 121 304 309 67 447 670 793 311 159
256 424 389 759 716 900 1 559 438 98 732 335 507 726 994 626
327 245 538 259 495 693 464 183 303 339 620 452 558 952 211 385
166 130 479 48 307 709 296 331 972 124 794 602 405 319 610 523
520 742 95 695 423 7 625 437 811 527 573 902 209 294 563 13 506
99 250 734 10 825 525 872 752 12 429 840 146 457 417 499 127
881 953 56 202 371 635 777 225 200 390 912 57 403 185 378 705
87 671 621 109 374 351 531 78 345 51 341 998 272 641 126 219
