888 840 281 271 263 361 423 822 32 629 789 838 455 379 790 117
419 8 284 396 680 506 975 585 979 879 494 673 14 139 619 79 834
693 554 138 19 10 796 614 560 118 857 53 499 29 608 333 836 420
408 802 577 49 177 200 279 877 105 316 216 933 205 753 35 655
240 694 328 752 774 231 73 914 11 40 813 936 574 98 241 326 829
465 239 520 182 918 286 620 928 943 376 871 594 137 440 763 352
748 145 495 625 359 843 293 662 924 478 62 528 33 631 257 184
615 627 66 578 325 854 22 807 675 356 299 930 428 509 280 844
819 666 460 259 342 86 72 100 411 46 230 601 127 5 192 109 208
232 527 211 54 132 150 788 236 77 709 374 170 453 912 907 191
448 20 496 203 903 729 815 147 390 319 26 44 894 186 833 169
373 223 233 549 220 369 590 362 568 550 898 900 407 311 775 452
380 415 301 