493 146 258 433 213 373 949 102 658 572 7 606 207 666 723 794
871 209 847 500 769 471 165 298 21 726 174 161 550 40 416 337
13 979 352 624 656 124 388 326 947 843 640 973 526 305 83 659
615 765 641 156 813 881 581 457 224 57 427 712 675 775 338 736
528 329 716 150 177 189 4 837 1 655 201 132 257 397 394 938 454
239 785 490 355 417 228 678 595 469 216 777 311 103 696 559 795
921 151 283 977 960 514 730 378 752 263 893 393 700 686 90 441
830 29 186 325 597 670 456 990 554 533 16 431 445 293 25 185
722 148 241 864 88 878 310 356 551 282 727 887 245 308 592 142
8 853 215 583 199 772 602 381 886 60 511 676 143 889 543 474
986 75 687 278 468 729 876 488 962 292 436 487 284 588 461 339
682 359 432 827 234 96 