303 301 767 545 970 295 977 19 458 556 170 814 275 560 811 614
644 843 72 677 841 58 759 267 411 399 252 890 526 185 54 951
257 139 95 483 582 214 611 952 898 499 199 493 831 991 289 940
293 386 547 670 86 509 634 182 31 148 41 716 201 524 957 109
467 945 176 960 992 667 894 765 421 553 398 348 207 270 67 465
645 587 206 585 543 457 131 965 846 463 659 712 534 394 709 97
822 383 477 36 810 579 194 349 367 460 433 323 484 418 727 378
107 339 210 108 152 381 317 46 565 429 62 521 784 105 135 799
720 403 920 420 121 516 990 955 103 506 480 676 410 623 277 389
858 81 697 604 439 971 438 69 6 56 932 219 169 180 64 75 692
549 44 725 825 903 269 235 22 497 856 967 274 145 200 