25 863 453 719 601 655 907 494 337 626 403 412 724 40 42 768
962 130 74 672 688 570 121 383 505 811 595 580 83 426 723 837
783 666 520 90 721 957 614 160 744 833 316 538 378 684 489 225
814 892 828 903 487 808 590 29 758 996 975 372 335 606 591 769
878 17 91 902 400 616 176 823 358 495 577 423 208 490 93 987
49 125 932 153 359 148 390 582 810 345 122 999 748 966 440 253
245 911 59 282 270 613 67 304 525 600 231 838 792 572 355 708
376 178 399 177 87 377 776 300 408 731 197 303 357 829 540 279
385 735 155 657 934 216 469 652 308 369 534 858 920 341 430 955
88 770 670 949 455 434 745 632 641 449 592 62 789 869 396 899
940 685 961 237 918 609 687 798 637 803 578 784 320 464 310 526
85 191 52 916 168 338 0 831 444 6 965 256 392 915 678 905 