327 147 647 830 854 888 60 635 349 947 115 162 362 9 211 204
15 221 989 545 331 460 276 265 834 4 307 284 155 529 942 876
548 822 13 988 37 801 458 385 339 742 418 297 926 627 368 457
865 778 140 137 864 312 304 727 459 843 23 589 636 7 578 220
153 300 871 252 277 968 20 472 805 6 840 466 619 101 408 151
2 526 94 823 974 505 599 96 266 120 350 817 556 811 525 700 722
665 93 263 668 956 117 987 338 818 687 949 514 483 651 592 189
503 867 913 439 344 762 329 715 446 40 447 156 218 33 999 409
800 724 125 615 443 873 863 877 424 345 914 792 845 536 891 652
1 828 773 743 336 48 303 643 819 193 616 124 268 839 531 176
804 411 422 75 594 538 58 676 59 678 394 659 523 951 142 714
666 67 634 855 152 667 108 314 498 325 518 293 256 14 691 109
90 334 745 255 723 139 79 138 881 