617 772 113 221 760 914 162 118 5 694 700 632 980 507 622 920
205 383 979 581 579 276 808 533 838 160 863 686 805 558 388 325
51 899 158 392 111 577 633 755 728 208 27 217 242 947 967 639
512 629 85 246 764 555 722 692 476 129 136 31 119 153 744 610
791 306 975 679 3 183 252 973 908 410 522 165 782 299 181 385
500 10 938 540 289 981 796 752 178 850 990 425 339 303 546 42
267 232 95 528 712 732 202 128 867 541 220 308 627 637 360 154
676 418 499 215 20 593 724 970 925 830 440 924 389 231 70 426
535 293 693 609 969 685 49 508 877 317 918 778 675 433 132 847
800 881 519 76 316 279 349 335 437 50 849 955 268 413 857 87
304 156 375 186 561 