193 962 959 255 32 261 519 262 250 524 824 167 382 814 676 138
531 684 233 687 772 966 11 484 898 517 659 567 956 99 673 208
729 143 74 154 568 306 195 166 192 599 239 866 282 698 645 334
165 418 521 490 951 905 896 660 945 465 98 159 409 624 310 868
538 573 939 460 185 312 590 411 123 575 782 201 928 336 451 410
426 243 752 943 712 901 965 829 34 23 486 457 160 190 42 453
60 680 419 990 664 551 895 125 219 705 58 766 700 937 412 307
669 825 175 323 944 405 223 514 595 803 35 455 449 148 794 954
922 258 719 672 252 787 390 615 370 422 949 777 4 746 303 806
209 110 431 564 231 967 369 260 592 720 325 81 836 704 1 327
222 851 511 450 992 643 560 112 940 384 844 335 694 387 630 912
288 812 799 257 111 44 203 879 468 119 502 701 357 446 0 545
665 