771 898 852 297 347 432 722 824 142 607 279 235 392 949 995 531
775 834 864 719 662 668 966 148 882 978 11 25 437 593 23 960
134 828 730 680 721 144 146 474 113 633 438 72 191 80 312 627
6 699 518 597 969 947 486 398 103 466 330 130 78 565 595 265
296 802 750 720 546 631 454 957 107 783 458 88 3 171 64 223 195
318 331 264 2 545 101 874 433 936 553 789 797 766 220 159 374
207 234 66 589 270 34 746 715 58 871 174 679 442 17 380 628 345
299 394 926 99 138 238 221 767 648 793 665 584 643 375 460 353
950 945 94 155 574 172 904 525 495 764 415 951 965 242 127 536
293 453 689 403 568 667 343 657 762 245 794 940 18 846 941 943
970 229 140 366 761 788 918 488 813 179 735 