841 215 262 372 329 928 298 856 455 994 717 595 68 865 249 738
411 342 315 961 162 552 674 23 848 765 539 880 513 382 878 943
178 179 407 281 555 985 675 818 287 79 682 638 163 267 805 15
605 509 190 857 866 280 673 910 610 586 476 947 572 488 96 486
867 671 218 830 722 182 585 253 944 73 25 45 615 367 337 952
349 117 197 390 607 670 27 635 276 467 42 506 863 732 205 243
291 885 32 52 611 656 689 155 124 141 102 389 290 216 556 890
795 345 530 93 184 748 669 169 625 802 212 181 434 776 385 13
557 105 490 685 60 729 270 109 516 18 958 118 646 135 757 733
975 393 450 233 413 667 569 114 807 519 80 410 550 423 336 346
229 896 412 881 463 900 730 499 99 481 17 119 183 544 918 549
582 459 718 778 444 761 643 40 0 650 645 632 44 661 104 76 278
883 257 