524 120 956 199 874 871 428 647 681 6 301 253 730 177 592 505
336 207 990 452 783 234 879 638 92 335 587 332 358 63 329 354
435 365 408 378 739 57 676 430 238 727 673 140 969 444 841 921
486 985 784 897 200 237 96 904 78 230 113 757 443 853 693 768
667 584 692 206 646 724 614 370 343 157 128 734 2 620 512 506
433 859 227 717 753 508 504 941 565 641 870 743 851 77 992 881
770 625 529 540 908 548 275 860 214 756 352 32 650 626 291 240
479 991 988 393 56 262 875 566 76 868 270 314 153 933 922 714
141 374 840 292 232 475 71 521 574 764 261 162 7 947 708 413
660 644 892 531 766 775 353 488 917 64 685 878 423 421 41 704
436 122 40 412 264 