520 451 846 401 618 868 707 124 330 610 893 679 112 51 633 961
765 134 898 922 819 312 508 315 569 295 817 719 143 194 314 863
413 430 10 440 462 555 281 813 758 883 381 516 920 727 825 935
981 548 726 76 496 967 543 840 659 35 978 943 237 178 491 867
54 793 546 890 144 680 789 227 665 599 915 626 347 860 673 657
970 933 709 559 714 700 11 539 217 259 228 598 92 751 286 735
85 629 249 551 614 853 467 907 874 403 515 938 480 488 93 566
527 340 419 365 489 744 235 305 759 781 452 568 604 918 48 658
351 959 878 776 745 345 887 260 352 225 19 926 578 698 687 379
800 46 505 269 444 270 678 277 885 597 797 992 470 185 438 595
4 529 469 824 955 348 803 38 945 737 268 361 818 39 