536 381 666 863 851 18 740 497 610 669 744 520 524 29 990 66
785 725 442 916 211 700 593 674 50 195 209 60 879 954 608 444
203 487 873 3 204 296 968 70 383 846 259 810 525 534 987 849
504 65 465 389 43 558 644 933 144 156 539 797 974 503 692 97
346 501 84 983 870 220 512 583 166 885 434 94 23 38 875 190 585
141 7 756 862 267 191 688 19 726 495 342 448 359 88 518 769 803
749 614 724 78 445 107 343 358 490 464 577 729 418 996 946 31
768 129 694 344 355 631 119 554 246 333 427 854 638 275 292 353
507 223 979 948 866 893 994 0 318 788 834 912 347 39 153 957
735 844 673 161 326 53 338 411 733 852 892 443 572 403 945 754
106 96 969 998 174 139 234 324 569 81 779 460 93 360 707 861
565 58 187 477 