92 944 737 388 581 954 294 437 838 387 540 56 120 825 572 295
726 366 564 995 375 875 125 384 22 567 891 238 939 539 233 563
545 858 126 486 958 339 428 897 997 895 845 903 577 643 153 791
130 635 76 813 753 752 481 191 378 681 305 519 828 197 369 450
892 65 143 679 184 67 868 36 400 133 953 215 700 976 790 925
285 574 598 318 296 548 833 739 3 964 124 566 63 299 502 967
372 264 561 506 40 546 782 35 762 719 876 137 262 560 75 327
874 121 370 379 640 853 247 104 389 171 218 593 921 626 664 281
731 655 676 340 178 935 61 585 72 817 463 713 477 278 624 482
174 992 112 83 259 738 946 623 235 990 248 386 172 214 637 682
831 342 175 767 145 908 479 832 371 416 405 148 929 708 862 526
91 847 732 801 518 663 533 555 587 705 672 330 6 