777 113 882 896 989 681 94 240 159 412 61 977 48 312 649 510
133 385 491 239 656 181 855 348 644 313 5 513 263 95 105 341
546 605 17 602 442 665 547 143 717 759 456 646 285 838 724 713
729 307 772 881 535 779 445 861 218 29 35 677 110 683 163 228
697 774 916 87 878 674 7 334 340 858 839 693 297 423 371 376
46 518 66 486 333 877 780 188 868 589 545 167 255 844 482 608
256 852 101 116 778 369 478 262 395 820 118 469 243 457 426 339
982 565 75 742 584 890 499 69 304 242 904 318 979 702 929 835
241 27 98 619 434 906 310 691 146 370 512 252 490 294 158 686
330 607 803 286 795 291 648 768 351 365 84 934 917 604 207 169
762 588 65 613 719 176 211 