649 489 297 290 88 746 232 792 38 670 74 71 907 463 761 838 379
555 447 168 978 150 812 35 733 70 406 646 393 334 339 124 321
846 716 97 439 465 923 530 200 873 159 291 471 637 827 624 839
764 991 341 864 251 651 847 107 157 105 938 270 158 363 674 383
866 580 575 121 908 959 672 48 373 12 584 800 909 308 101 205
116 568 318 244 881 76 237 273 87 486 75 64 533 727 65 774 39
231 30 362 760 917 678 986 298 62 444 728 992 610 21 725 654
31 665 99 924 914 327 222 835 283 340 944 813 437 93 602 635
620 348 878 956 757 495 138 911 704 55 925 115 777 693 720 984
354 479 41 240 545 661 415 775 795 833 371 13 17 148 553 523
387 72 43 794 985 163 234 367 32 711 615 952 546 680 167 766
628 587 522 932 845 208 421 50 313 744 965 928 