825 188 794 967 916 607 515 806 974 321 538 749 482 818 200 336
151 290 925 859 611 241 908 238 22 383 128 480 453 786 320 867
963 657 431 885 802 213 756 485 150 878 404 384 882 370 191 727
70 163 739 452 77 671 289 301 349 550 664 902 997 362 413 696
919 898 999 260 136 942 106 747 133 33 469 56 122 708 395 180
283 572 344 943 813 846 681 886 219 97 476 619 969 341 388 478
617 826 604 253 676 935 543 869 89 296 845 18 448 101 870 316
803 2 523 793 578 693 386 264 719 699 456 240 564 835 43 281
398 414 120 9 689 59 262 710 750 505 799 246 308 775 519 524
348 526 970 745 374 842 266 743 314 137 912 83 503 914 440 686
910 660 113 378 819 127 669 493 746 638 510 124 924 895 832 340
595 49 454 39 534 761 123 432 994 551 770 928 208 704 66 286
445 985 465 96 335 463 701 177 487 145 