676 85 907 229 946 403 146 0 351 649 470 477 605 535 421 439
487 331 732 472 895 170 832 808 63 729 164 172 174 578 238 787
773 502 418 30 108 899 924 514 846 764 570 306 153 939 184 344
296 463 685 884 426 736 797 44 59 110 314 726 926 954 322 966
921 863 307 365 541 810 11 99 285 914 782 616 559 304 887 923
195 361 484 15 424 783 210 631 217 600 348 818 513 779 404 573
937 801 130 121 595 720 849 482 101 970 540 256 436 193 725 771
34 788 150 133 562 369 503 762 848 885 378 668 727 957 865 117
611 132 32 336 347 377 343 648 814 137 69 134 40 743 873 263
758 874 973 402 943 620 282 807 981 636 881 459 94 597 744 976
833 537 995 617 975 373 579 368 733 751 414 287 700 206 