737 80 537 131 235 130 321 824 975 150 75 491 532 467 290 333
407 760 955 463 82 681 53 997 262 61 74 953 296 416 918 457 42
494 171 619 547 903 893 312 478 693 201 192 274 822 748 258 244
226 85 863 27 569 221 993 683 358 28 462 313 664 597 623 23 724
969 632 849 890 251 956 474 990 957 958 761 770 513 602 609 349
295 817 515 397 100 125 582 22 228 160 325 493 815 741 272 21
383 293 689 19 503 800 248 215 393 253 375 661 879 905 482 857
962 736 18 662 186 479 771 475 103 979 544 794 575 486 550 988
490 185 465 636 391 927 472 516 995 319 152 867 423 7 257 842
276 114 428 430 107 264 126 360 560 65 16 308 973 907 545 86
489 699 279 611 911 971 813 436 751 607 620 715 481 361 869 112
129 421 739 909 497 949 573 62 