17 199 420 211 761 945 74 600 129 365 969 325 347 780 983 468
900 924 51 743 253 197 847 767 415 964 155 16 974 572 819 879
915 469 24 760 958 380 30 903 39 343 731 845 589 381 515 715
160 107 258 979 775 541 426 875 842 33 787 980 295 766 68 216
476 804 852 613 410 452 284 824 202 522 478 58 914 247 64 681
981 143 13 910 855 722 485 764 714 816 829 2 656 261 841 891
239 901 786 157 536 608 949 735 82 985 673 987 418 307 210 413
753 616 336 1 320 881 831 76 962 433 938 790 797 559 944 644
898 799 548 477 718 867 959 602 695 150 130 861 399 105 257 244
340 682 156 948 687 475 331 458 158 459 950 26 856 603 369 227
813 795 205 686 451 894 792 312 442 408 43 40 165 121 609 660
35 639 692 951 711 642 665 796 756 109 192 933 52 697 989 75
922 972 577 926 521 531 671 259 640 930 