731 917 947 918 825 149 995 450 990 582 850 964 895 196 551 644
464 220 858 105 571 844 934 242 909 826 689 47 924 252 285 756
903 997 588 116 897 73 811 670 222 151 374 771 141 624 660 227
860 137 472 554 239 401 854 248 143 914 817 15 486 888 606 940
889 118 4 245 372 138 622 488 592 361 279 58 342 400 779 774
442 672 468 755 103 972 188 517 708 724 648 364 764 250 589 259
415 735 913 346 716 983 835 327 398 438 727 306 500 208 404 999
294 541 76 269 268 91 667 377 424 611 435 161 767 203 787 637
315 260 63 117 358 534 365 340 653 86 232 744 60 841 446 880
942 948 331 584 613 385 36 977 969 396 443 275 788 236 459 332
906 3 437 348 489 329 453 760 992 454 781 154 206 286 144 647
283 490 314 560 302 834 539 950 