791 999 391 572 82 10 970 960 694 571 3 39 450 875 828 836 812
71 778 985 641 632 257 133 583 629 392 756 16 151 864 266 674
616 604 164 670 154 661 18 821 504 621 379 300 13 543 762 745
81 664 245 951 468 820 40 986 930 148 159 700 815 475 170 187
462 417 734 724 77 469 529 841 738 196 521 575 689 222 846 103
944 75 12 588 938 873 315 60 32 249 140 132 421 666 355 549 374
99 478 193 794 520 201 276 980 255 482 139 333 69 241 916 919
634 798 322 413 845 924 84 636 540 409 2 933 145 412 935 728
651 564 153 118 281 793 226 584 461 563 402 125 955 246 562 437
852 285 637 966 796 879 175 454 91 451 216 992 780 398 605 804
49 147 86 650 528 566 348 645 834 477 669 547 725 107 795 925
186 96 783 452 696 978 522 