126 188 22 225 65 34 433 789 717 427 718 991 215 781 813 455
315 950 806 146 729 470 458 351 78 777 742 576 711 851 496 762
802 205 741 50 411 173 150 386 298 53 541 515 418 117 471 847
731 57 956 398 95 332 479 258 452 118 967 299 375 161 661 405
86 754 183 121 664 246 387 429 71 140 865 259 611 654 314 678
99 540 389 191 10 282 201 19 346 189 495 236 30 657 595 157 942
539 301 523 52 600 987 827 844 128 251 737 27 842 392 290 693
231 229 502 437 736 710 149 414 542 861 653 385 440 791 720 709
908 605 912 551 604 751 638 213 659 469 487 972 746 156 829 903
585 973 194 237 522 305 151 739 142 607 477 380 249 823 726 111
840 366 445 