101 300 754 488 410 686 252 880 555 981 805 473 394 721 368 246
717 947 440 550 904 583 639 377 369 359 327 207 628 234 384 990
753 280 305 720 26 956 711 618 798 622 419 890 989 624 249 767
233 197 29 691 682 500 513 704 323 835 37 983 952 97 281 965
302 937 164 648 444 447 174 107 694 546 417 274 421 180 629 843
225 42 578 831 351 802 430 586 777 939 737 181 383 501 705 83
489 953 424 269 465 944 962 396 809 679 219 385 476 892 616 978
690 216 87 644 475 545 794 522 617 253 337 563 88 282 749 821
263 634 491 257 162 917 86 969 297 516 230 238 131 678 414 175
121 752 706 137 852 244 94 217 827 169 590 145 975 399 726 636
846 462 362 69 867 793 227 27 