420 605 354 327 829 173 83 227 992 519 160 188 486 309 448 312
94 732 719 265 993 215 311 521 710 59 577 980 127 623 431 183
837 848 670 847 455 840 656 810 176 277 761 208 852 582 398 44
839 730 367 465 640 32 273 34 960 781 89 381 936 752 849 537
202 166 107 785 872 986 899 359 559 252 336 565 389 416 974 145
397 890 959 789 983 549 714 115 276 479 504 496 915 793 219 642
739 270 386 755 316 722 893 975 190 770 702 413 668 874 646 237
255 368 955 98 525 774 57 205 817 102 645 372 949 459 951 323
758 624 969 363 18 657 139 294 362 52 651 634 301 806 518 742
505 679 10 698 927 966 42 195 440 957 456 886 112 74 588 940
941 598 524 8 175 928 142 926 189 636 250 611 225 91 414 997
365 497 76 204 691 229 424 818 137 125 203 26 574 953 423 603
614 783 759 435 156 13 366 99 842 675 