851 613 527 530 917 790 888 677 631 960 313 925 50 164 733 65
403 498 63 903 543 361 969 40 865 550 579 908 771 276 419 761
746 452 741 986 406 630 462 839 787 706 128 598 169 824 830 131
731 981 855 282 972 675 756 185 732 101 98 84 105 410 577 806
823 635 393 927 391 959 112 386 72 929 34 231 552 333 867 575
158 596 845 251 547 123 560 303 637 247 770 722 28 213 420 37
513 166 863 244 957 310 180 253 891 556 751 14 555 178 124 297
220 593 254 661 730 548 874 39 64 704 179 1 404 642 368 172 700
221 590 449 489 934 35 659 800 27 157 673 886 905 427 726 466
748 223 783 36 222 156 399 994 292 334 31 826 897 13 805 582
275 176 121 930 775 95 571 189 480 4 394 245 23 936 740 237 307
977 607 832 617 531 265 612 430 847 302 74 660 705 819 814 113
272 86 753 