779 871 73 63 962 10 603 344 439 11 478 122 900 74 512 767 556
108 480 689 437 645 650 282 84 140 9 765 950 604 127 904 384
485 290 258 53 971 49 111 70 94 518 429 811 313 488 179 823 71
861 957 157 594 489 22 514 910 617 874 969 626 175 417 507 98
299 679 166 422 381 348 947 133 647 365 914 771 631 659 408 279
640 941 517 988 883 304 247 838 751 670 851 467 41 847 886 702
461 526 579 65 349 192 266 231 935 75 441 453 741 298 168 188
151 38 358 355 693 682 77 124 534 129 333 19 117 52 875 362 340
163 172 746 887 482 660 867 342 54 30 881 580 996 649 504 788
109 57 651 889 16 787 18 105 402 789 646 76 320 532 315 135 407
