757 786 775 838 169 275 606 87 408 471 148 928 583 226 500 455
699 154 3 159 886 38 300 849 805 188 974 269 681 60 533 352 573
405 409 778 21 444 893 266 351 703 472 108 901 963 458 320 509
932 166 906 28 978 97 521 844 658 265 561 904 718 12 662 399
727 329 713 284 549 93 427 652 589 178 102 82 630 227 698 13
763 153 394 433 919 7 473 407 970 654 684 308 799 507 68 389
49 496 526 107 262 468 724 536 143 459 233 369 660 902 785 728
454 808 70 524 422 316 796 848 91 54 324 336 832 111 362 436
746 862 598 448 818 892 675 474 836 118 488 441 854 989 297 359
438 591 948 788 875 722 410 194 559 816 310 691 635 101 274 960
25 587 245 217 976 353 515 519 238 513 908 577 340 864 511 462
35 317 481 19 373 994 499 183 876 137 319 617 557 898 646 669
64 555 980 845 289 377 