488 803 590 825 2 628 200 647 16 882 338 185 830 519 783 91 679
699 868 204 642 950 924 886 282 317 715 230 763 52 408 410 817
117 264 927 933 572 522 744 764 164 283 657 632 389 899 253 145
208 119 375 729 197 493 77 607 106 683 155 195 480 219 92 467
359 535 842 748 828 25 860 41 736 72 508 503 762 602 611 873
136 12 857 819 640 569 68 203 202 980 646 769 840 682 650 416
833 162 534 594 966 768 248 3 824 787 620 380 740 444 791 734
655 881 629 542 312 31 206 112 841 739 761 465 456 848 48 688
747 442 512 812 241 260 478 167 794 255 269 595 998 963 275 571
921 977 585 521 499 313 94 110 845 923 553 53 527 582 88 396
42 107 243 708 544 920 759 965 193 400 514 874 322 225 883 516
290 580 11 7 32 561 865 182 157 29 147 304 653 837 895 211 806
936 888 710 104 114 912 270 