570 234 387 917 271 375 448 372 826 889 860 335 940 815 748 977
848 763 403 444 301 41 280 49 336 350 601 769 391 53 740 500
340 416 20 627 529 483 574 345 603 873 89 197 357 862 266 65
281 879 146 80 130 661 914 323 236 821 621 152 37 247 455 180
959 69 637 149 834 818 607 58 401 670 360 988 176 182 540 137
82 525 465 866 775 814 443 32 359 160 993 123 467 827 257 482
803 729 338 3 232 575 973 631 324 877 549 930 794 408 868 725
928 502 590 998 857 659 458 35 121 837 595 589 428 26 225 907
989 17 4 136 582 894 33 472 88 154 888 156 898 2 457 57 698 664
409 878 679 797 512 768 91 716 780 7 288 419 757 79 481 600 177
714 322 404 122 365 903 102 969 383 100 107 127 762 533 669 