101 229 818 664 223 998 981 941 360 64 784 536 311 614 78 819
930 16 727 843 339 213 112 514 540 687 51 458 913 375 541 419
490 310 451 57 756 184 463 863 0 964 110 389 653 228 45 885 781
410 98 145 918 127 61 338 317 349 512 779 91 162 611 749 757
802 495 733 909 440 837 88 111 139 83 891 7 337 857 257 442 441
668 324 258 902 65 506 688 140 103 679 994 302 219 237 433 482
523 182 832 607 135 431 795 876 993 731 662 54 251 327 812 950
23 328 620 5 221 321 405 870 307 797 968 468 743 364 773 905
272 436 758 999 417 128 706 678 525 549 347 817 960 86 955 502
959 287 49 573 636 234 729 239 189 588 259 368 418 459 157 244
393 224 966 400 299 283 505 284 851 489 238 754 8 586 206 437
683 557 