643 235 519 15 695 396 469 104 134 237 255 941 606 302 526 638
543 652 742 500 192 411 179 523 73 149 570 463 549 873 926 807
701 489 335 83 539 25 281 96 565 161 143 100 691 22 551 89 10
436 950 894 820 462 130 86 456 846 472 446 572 427 676 608 630
605 75 70 948 722 587 405 877 312 356 275 428 906 563 993 650
397 29 577 899 594 20 280 468 866 724 843 550 819 78 720 853
481 416 784 352 317 233 232 789 859 767 379 706 445 438 234 262
682 718 556 374 85 211 547 388 297 766 163 243 698 187 182 535
17 615 303 973 987 204 210 366 996 688 138 892 433 707 626 863
970 254 188 508 357 805 145 260 597 671 586 520 675 678 401 108
759 824 66 661 624 466 533 677 705 246 115 755 