930 562 240 181 610 563 503 65 316 130 663 607 54 859 145 947
526 912 400 862 779 653 890 41 970 492 685 682 435 97 596 311
569 304 925 132 757 968 691 362 154 284 555 688 422 366 870 933
801 928 974 525 957 13 343 458 416 959 613 982 814 823 891 875
846 86 955 885 514 871 926 764 219 832 604 648 598 889 637 442
249 452 793 346 717 347 593 164 915 677 754 950 574 125 344 139
405 327 128 112 882 266 895 197 26 131 107 138 638 437 567 238
597 690 645 328 176 576 187 666 124 315 584 456 640 70 997 599
589 133 797 430 353 466 322 211 123 261 273 988 171 904 135 700
617 189 35 409 868 68 821 629 341 620 628 209 571 399 851 234
468 641 294 781 361 751 601 523 706 20 962 279 237 351 936 881
650 66 358 277 233 194 