552 39 631 567 327 474 258 449 153 355 953 688 227 131 598 661
378 413 106 44 362 492 932 163 238 698 354 612 126 139 504 619
729 660 74 993 705 91 28 370 490 827 200 658 66 316 623 692 949
262 199 386 628 514 673 385 175 100 920 934 507 372 494 69 613
560 55 350 947 644 409 191 46 515 611 879 150 882 776 426 187
751 593 891 986 926 160 119 587 82 34 708 300 470 159 50 235
704 289 306 398 813 609 491 90 533 180 307 26 43 215 702 540
125 700 484 324 304 193 840 502 67 98 526 147 368 283 520 531
950 781 761 80 115 534 488 561 205 340 149 690 913 71 276 478
381 468 152 256 712 601 719 375 952 154 642 97 13 570 161 179
898 680 754 144 130 734 732 684 834 821 230 907 716 260 462 975
987 733 207 757 407 498 431 