386 110 261 747 244 198 199 231 37 130 658 446 753 950 945 405
476 245 482 778 777 207 25 401 179 559 941 573 267 631 712 484
543 622 600 835 227 7 585 974 831 68 125 676 319 847 691 391
553 546 926 83 102 95 268 791 128 685 838 667 294 428 440 636
255 209 563 167 328 314 359 683 610 788 699 677 305 140 536 489
794 964 458 660 361 0 942 850 515 962 368 277 259 889 285 119
742 803 38 478 706 579 990 283 39 146 423 429 902 272 844 295
148 486 341 590 650 812 118 475 915 879 157 239 641 654 6 670
407 520 325 200 48 623 994 474 780 633 1 732 395 16 825 721 775
150 77 350 594 873 54 848 318 460 224 714 905 540 131 205 483
720 979 176 15 549 710 672 805 737 451 67 26 853 186 492 568
