514 868 115 101 243 922 990 886 539 16 240 556 224 375 923 532
531 489 99 201 288 351 486 828 459 157 250 711 182 978 825 269
909 934 898 709 731 294 974 627 437 606 355 863 53 139 652 66
168 443 147 778 217 544 718 879 697 175 586 997 643 307 172 927
467 310 774 295 280 432 513 657 449 651 19 174 525 364 25 299
158 170 676 419 145 49 279 48 758 89 632 482 177 268 722 669
963 848 160 518 349 553 215 335 552 26 562 542 677 977 370 376
313 683 358 636 635 493 752 171 704 798 620 599 865 18 618 462
816 328 851 998 794 790 941 802 789 673 744 396 559 971 670 153
639 602 345 369 914 82 143 106 905 186 289 399 301 219 686 896
321 