138 390 541 709 259 747 408 469 931 139 929 730 529 171 164 741
637 189 265 376 584 887 866 832 63 830 661 161 582 111 61 660
24 806 628 733 42 674 576 718 642 182 62 369 683 731 156 441
962 573 220 319 558 472 613 717 460 546 554 440 575 678 611 778
162 916 539 803 179 32 564 796 715 83 196 176 341 356 381 184
197 710 228 839 354 485 915 721 311 920 664 205 404 537 634 530
901 984 553 301 996 763 817 505 345 640 979 689 900 11 194 805
468 296 151 924 418 981 494 358 902 344 827 590 67 186 268 652
300 680 121 925 180 559 908 64 725 9 825 397 474 337 988 738
26 917 303 631 365 19 655 970 963 755 994 623 455 425 58 17 398
852 357 764 707 73 570 375 118 124 1 429 862 737 524 367 681
342 789 897 479 154 523 515 245 177 835 451 556 936 80 781 240
517 335 18 525 942 