147 685 516 463 73 445 736 478 603 5 249 325 370 385 549 310
571 362 262 691 277 962 216 510 773 607 533 742 194 981 551 717
585 185 270 581 181 985 330 692 133 26 22 190 842 590 974 495
59 906 599 926 80 575 96 661 596 255 859 438 897 343 94 93 449
735 752 201 920 626 81 713 256 815 492 689 999 238 553 812 354
653 743 556 456 606 358 42 153 918 305 827 990 406 772 417 861
724 719 878 532 375 818 369 790 482 102 746 473 755 531 798 339
766 538 32 535 696 469 164 998 795 791 365 92 597 582 398 643
872 687 633 602 659 333 359 294 208 882 402 46 655 929 179 437
838 893 113 240 461 444 784 850 712 244 309 202 264 28 313 971
722 530 507 8 151 625 666 392 317 949 143 104 346 