591 602 981 417 759 412 537 385 805 151 483 531 375 9 952 654
200 189 826 833 677 59 752 449 319 610 185 441 861 739 807 733
177 587 176 36 716 247 280 528 163 582 975 303 715 275 997 383
167 964 326 481 261 344 100 899 853 357 466 217 270 800 179 479
447 205 852 791 339 696 378 623 756 118 500 463 518 496 879 87
769 355 388 607 110 277 676 570 870 14 701 918 710 253 327 738
146 597 624 840 690 736 632 456 257 755 831 76 951 230 487 749
343 174 589 26 474 473 504 635 141 501 920 665 450 297 437 655
523 511 188 538 726 571 714 652 642 19 611 774 331 641 231 616
884 168 553 719 688 369 109 661 996 945 75 767 195 292 361 977
725 348 427 99 352 471 565 727 689 453 845 255 470 426 