5 474 620 561 679 519 590 909 653 639 589 781 887 715 205 375
947 157 311 305 505 752 68 836 353 949 819 442 443 707 490 866
81 735 358 514 673 27 112 970 15 960 964 697 809 47 183 195 848
792 140 246 573 313 758 688 965 65 158 169 957 348 296 509 439
870 496 333 695 221 172 40 104 31 740 662 186 515 103 777 481
546 929 303 868 766 332 431 786 554 803 513 76 897 367 33 286
629 316 624 17 426 315 470 317 290 309 943 383 545 607 643 583
599 147 601 66 922 651 388 202 648 215 626 225 26 540 538 275
410 760 791 447 663 71 8 865 282 612 337 260 74 196 409 266 194
564 322 762 946 810 708 937 148 846 898 822 798 837 58 641 397
953 499 471 