998 373 880 78 207 242 905 970 210 306 953 801 929 912 5 27 448
15 631 943 265 413 746 476 414 105 621 996 339 708 479 209 956
910 739 133 153 47 693 654 481 240 195 368 131 164 45 122 347
165 247 526 676 326 565 307 255 332 692 466 935 777 364 735 321
280 362 501 812 336 190 143 324 901 904 971 237 785 672 711 717
679 725 43 569 966 293 469 736 429 89 567 941 778 615 192 644
238 356 794 246 219 695 128 64 535 921 876 541 889 99 121 102
197 370 922 212 750 65 808 343 670 719 200 871 173 285 80 568
155 523 314 981 625 637 359 345 249 315 119 396 424 974 991 220
26 933 948 389 206 596 151 786 765 381 496 539 311 216 428 55
533 884 478 399 134 74 898 620 88 443 706 412 81 118 494 780
107 902 352 178 489 745 605 337 