172 801 501 291 525 839 310 762 954 926 316 76 667 21 45 526
434 479 897 331 122 688 944 982 359 556 130 220 657 498 439 973
426 419 792 375 493 941 298 63 288 759 26 924 182 230 342 778
409 360 606 998 793 219 304 272 886 848 313 684 912 797 976 622
168 289 346 717 828 624 107 261 916 689 963 858 84 52 898 588
132 437 596 619 633 48 540 113 260 769 115 862 204 585 166 136
191 754 883 737 159 887 296 243 214 464 693 939 741 338 964 175
212 582 626 145 885 544 387 116 569 237 527 441 97 994 558 361
247 934 718 678 487 323 72 979 189 233 646 221 673 768 753 326
371 953 229 822 374 611 499 144 821 112 528 632 50 198 958 57
94 889 505 984 55 866 