882 789 392 493 153 788 680 32 950 985 36 750 207 147 838 508
237 702 682 826 381 767 191 122 290 158 165 449 732 583 181 360
495 551 865 486 617 862 703 593 338 658 71 995 94 942 27 177
127 782 366 116 924 35 1 212 858 550 686 241 56 982 815 426 945
641 278 965 197 437 744 414 479 998 918 476 661 913 887 863 412
26 233 570 176 134 121 80 584 516 31 699 178 307 227 375 107
640 306 902 816 846 806 55 115 616 810 174 874 89 544 105 305
314 186 282 274 58 409 674 284 548 557 888 791 320 594 796 464
350 579 478 778 710 898 132 194 931 45 598 875 248 491 638 41
795 361 532 571 226 67 492 20 385 909 23 261 906 667 236 662
569 389 229 488 230 529 798 850 21 754 632 877 937 126 790 608
773 980 590 64 719 406 955 256 864 164 818 209 622 75 329 232
502 560 276 30 