260 200 146 447 831 231 570 446 393 396 685 741 869 73 362 754
474 756 324 484 437 984 286 410 170 985 178 345 761 545 584 281
68 358 470 581 720 657 548 832 803 263 235 506 247 35 664 33
69 892 249 222 950 642 198 288 752 314 427 256 855 759 207 490
941 272 88 798 143 122 818 661 156 44 751 486 50 799 2 662 655
706 99 733 415 380 744 151 108 3 915 856 189 943 59 992 668 78
725 970 962 795 829 489 320 882 214 904 728 46 16 440 649 283
967 957 955 322 148 667 287 15 878 196 398 315 762 572 268 814
993 717 127 369 666 230 865 389 597 797 356 665 800 981 181 382
304 695 540 672 319 500 582 173 274 491 908 580 696 921 601 526
167 460 753 348 859 