710 494 247 408 254 410 422 368 624 715 897 689 801 548 636 484
677 807 157 60 903 881 3 899 950 864 302 563 670 188 19 12 253
775 443 703 69 135 350 505 342 649 808 716 564 65 795 250 440
687 932 745 989 367 886 658 145 22 782 387 581 297 318 848 659
826 690 111 294 204 46 744 982 644 697 276 930 94 214 359 591
59 90 175 99 252 112 691 434 761 778 365 386 905 38 284 298 243
937 528 779 902 400 845 523 137 889 774 327 404 891 602 882 110
164 769 767 615 330 86 101 593 97 287 948 896 179 609 914 646
37 582 148 502 391 7 895 787 371 983 16 678 603 910 757 962 173
685 419 203 547 699 136 555 576 877 719 660 666 811 519 270 63
161 241 816 296 453 546 231 894 520 242 756 977 818 432 588 979
450 351 205 770 212 98 