661 904 626 612 92 199 162 529 417 582 236 938 869 851 607 506
30 211 142 339 845 43 119 186 844 656 419 978 896 633 616 1 145
341 809 477 17 566 528 224 561 177 645 202 397 960 415 256 290
436 327 698 465 481 760 329 804 278 150 728 279 326 630 194 908
130 996 287 703 953 623 678 715 449 975 288 40 719 20 923 780
732 897 214 351 255 638 531 247 28 455 304 962 841 575 447 451
772 736 498 21 325 730 571 821 139 820 876 317 694 860 592 942
806 48 219 170 371 352 249 657 727 898 387 184 833 999 98 271
966 26 789 433 291 253 594 167 75 495 265 155 655 723 601 599
532 885 542 538 781 735 29 242 537 89 766 90 334 900 680 146
64 365 131 59 72 639 69 857 42 504 359 793 235 576 848 664 310
539 907 906 568 228 879 200 981 337 924 208 