178 977 455 393 845 521 650 732 971 479 956 856 313 201 639 78
677 451 918 348 363 557 751 681 475 883 607 307 859 667 925 735
42 874 58 274 379 953 203 822 855 69 608 928 897 22 11 666 412
663 919 514 582 110 139 644 221 713 839 636 18 483 497 73 646
850 566 824 174 980 334 120 136 723 627 44 700 673 699 377 739
501 166 30 432 933 373 266 857 762 601 323 901 606 371 708 785
684 598 77 549 285 422 585 904 283 424 814 564 893 993 808 316
454 848 863 237 368 64 558 389 394 593 253 645 485 461 54 747
306 270 300 691 336 894 678 148 729 820 492 660 813 538 109 851
987 88 511 891 211 360 421 789 801 653 569 243 798 870 398 156
719 869 522 572 888 28 587 647 498 376 634 188 140 132 936 224
43 359 194 312 423 530 672 642 15 84 113 187 898 227 621 282
515 