588 68 539 884 489 310 587 984 142 808 689 3 626 261 138 131
839 452 319 309 722 892 592 139 837 747 858 781 337 863 649 345
872 865 894 611 335 787 708 251 715 772 210 557 121 561 355 693
420 906 729 282 225 543 162 494 540 963 707 618 223 333 559 679
969 966 67 321 357 237 191 70 740 125 511 528 937 243 284 820
605 456 45 290 504 257 931 623 756 135 188 454 945 928 759 989
204 516 410 735 439 647 900 801 819 53 956 158 301 480 531 659
857 317 402 413 685 132 331 976 60 545 940 651 922 960 598 519
533 359 8 249 101 578 375 73 50 672 949 947 599 525 453 512 65
147 307 491 90 329 397 862 508 535 709 927 372 25 733 148 279
641 812 146 500 457 988 474 896 342 914 306 877 267 74 55 726
