826 22 83 880 708 246 55 31 134 479 906 886 50 541 180 834 450
717 448 659 833 918 874 639 190 403 495 480 118 586 511 261 557
25 641 755 419 894 839 375 972 275 5 223 119 567 32 537 496 444
329 277 327 872 676 910 572 649 376 468 138 589 613 355 762 374
662 503 7 165 300 428 863 646 309 9 207 202 854 731 365 618 667
172 311 772 813 926 220 54 866 270 155 719 876 114 744 922 91
582 489 340 282 97 971 99 48 569 707 605 236 563 404 629 161
959 974 58 491 743 121 195 635 18 937 227 191 21 746 963 386
808 619 410 380 426 351 430 364 42 274 565 933 10 814 369 333
396 79 197 647 96 67 502 907 341 758 210 415 234 212 510 283
851 228 932 742 69 547 780 473 257 266 561 842 237 693 44 60
760 568 777 385 952 88 840 529 898 8 