836 4 315 339 435 526 158 145 55 347 57 82 813 402 624 166 235
581 626 860 209 384 269 494 706 770 580 414 772 169 212 143 509
85 971 747 771 293 871 369 676 539 792 994 889 45 608 69 23 451
616 548 930 721 40 280 896 751 938 719 185 584 688 925 732 163
634 703 105 995 245 998 606 748 832 807 883 913 781 216 691 824
745 901 850 498 636 376 506 779 980 440 428 192 821 823 306 77
528 11 139 25 378 351 468 712 945 735 641 248 690 127 727 202
107 922 478 340 863 474 898 553 514 311 818 544 991 484 513 466
341 756 309 757 753 640 963 572 71 682 271 111 754 621 348 472
769 101 902 281 186 965 912 298 978 408 559 356 28 777 623 250
683 728 116 810 972 328 861 458 432 814 324 874 481 415 367 290
236 300 658 181 336 444 134 207 9 406 885 625 