158 656 780 914 919 27 332 61 210 51 910 978 981 895 189 391
89 660 334 942 74 893 597 131 295 680 380 247 673 587 954 70
109 56 397 385 573 491 541 644 610 822 351 465 96 696 693 529
535 476 243 276 31 622 784 248 484 185 11 847 237 884 669 314
815 67 578 154 888 833 179 584 364 551 521 403 307 582 787 64
722 770 663 520 285 498 837 58 642 125 108 797 191 479 829 34
725 718 646 20 4 260 555 973 733 36 708 955 352 419 996 267 738
994 631 983 568 560 72 572 749 524 705 454 353 284 148 819 740
744 496 135 268 264 908 986 798 887 126 767 112 200 832 619 25
621 641 21 805 406 891 863 485 203 747 360 778 263 647 878 846
902 861 936 66 466 288 230 345 536 402 500 231 839 949 293 841
396 43 32 958 502 546 789 266 138 92 557 