978 32 96 627 644 69 115 765 667 784 522 979 753 545 931 234
119 152 237 45 101 538 842 662 337 950 250 888 163 68 423 292
766 417 100 526 262 327 955 399 607 375 172 714 638 116 343 419
798 849 10 57 452 994 853 272 319 472 126 269 291 464 986 642
169 905 831 295 252 320 761 479 271 739 929 540 260 686 167 402
28 406 940 832 559 409 757 354 198 747 938 501 930 712 913 621
583 775 72 909 6 674 584 460 93 82 256 364 890 251 779 488 450
29 786 861 968 701 239 432 158 591 154 614 698 544 758 404 485
165 646 63 173 918 878 67 655 307 518 809 1 814 738 553 129 590
284 670 581 448 498 351 457 597 794 514 205 359 731 268 993 869
221 685 519 140 