304 451 442 916 102 164 358 74 133 403 474 514 273 633 931 248
822 608 581 482 660 685 731 149 987 554 909 132 303 313 384 520
684 339 104 549 19 131 399 346 342 171 89 334 702 470 982 22
612 617 127 192 290 300 406 90 354 884 94 885 64 146 949 81 101
707 837 443 985 405 353 123 940 828 279 729 380 772 986 368 952
54 250 567 808 859 678 398 355 60 93 891 161 936 372 14 742 485
864 99 761 844 163 815 357 55 505 177 145 475 230 435 282 39
27 716 835 433 653 869 721 995 249 223 556 140 571 178 691 308
107 688 774 890 429 126 20 933 998 34 51 723 350 492 922 754
976 993 812 378 817 298 373 349 170 489 834 317 764 366 142 553
428 110 979 698 10 994 744 85 100 664 452 689 946 703 181 713
631 476 111 673 983 216 677 512 921 904 434 367 948 771 202 827
887 