192 133 477 23 34 180 70 910 677 84 555 841 961 258 205 414 238
791 45 300 546 945 751 715 589 212 441 685 261 595 836 68 970
804 969 541 587 248 428 569 573 675 404 782 932 796 503 958 632
275 209 545 774 417 299 784 745 410 269 343 290 537 276 516 722
243 817 891 922 41 430 508 695 888 325 756 427 916 501 272 4
217 580 855 734 412 135 517 748 454 719 227 956 618 470 198 729
564 736 926 136 393 364 270 764 96 762 706 940 593 181 577 400
617 687 378 642 771 994 776 761 925 385 584 743 504 525 81 48
563 937 338 759 978 37 229 799 340 528 201 630 119 481 123 666
598 741 982 993 991 172 318 911 337 281 383 126 219 9 603 987
851 27 856 273 977 367 885 535 619 268 60 402 560 293 344 492
689 583 825 31 395 144 783 317 54 866 128 