117 629 68 891 391 322 778 428 744 343 802 708 145 724 141 284
473 965 370 754 185 480 715 522 906 228 255 2 639 85 199 328
842 294 219 736 636 71 585 9 938 596 628 229 125 203 932 600
315 826 310 989 80 278 873 249 447 513 155 371 293 959 176 603
494 752 390 324 23 482 657 564 706 504 107 460 576 489 135 187
936 195 385 109 960 992 717 588 996 32 741 672 94 962 761 631
89 34 793 90 115 739 684 446 656 685 492 326 526 598 218 417
86 503 433 877 437 691 864 226 466 616 917 342 758 381 867 686
800 844 573 54 860 779 732 233 393 589 512 65 650 184 209 239
709 775 351 862 496 678 0 720 265 262 50 106 985 304 442 289
803 767 123 439 275 