515 993 637 542 296 51 608 325 673 261 812 413 12 564 475 94
915 283 835 548 606 679 239 251 558 446 940 374 725 489 512 552
392 642 185 294 443 262 871 733 161 66 415 10 741 535 373 147
935 67 744 862 7 451 502 77 612 778 956 83 454 771 800 896 939
989 507 149 947 192 371 919 354 221 561 959 260 330 749 820 923
159 299 385 755 274 732 352 244 775 376 235 589 910 891 445 774
492 218 543 163 493 951 331 95 138 840 970 473 264 72 36 225
496 69 230 788 616 525 711 319 0 865 723 298 33 551 838 776 226
809 366 899 979 205 434 958 53 386 587 740 742 316 985 584 520
853 965 21 874 238 58 314 37 729 944 49 598 501 277 629 479 633
76 798 537 120 139 101 87 339 911 821 347 281 556 351 60 819
511 846 559 308 411 204 852 957 74 378 745 27 504 682 666 772
781 26 78 350 873 114 128 