99 159 465 45 192 848 799 295 888 652 157 138 801 266 512 869
380 98 959 263 488 369 979 934 125 93 133 457 307 868 343 225
286 183 105 968 165 556 746 545 718 500 24 938 489 308 551 644
368 106 470 891 395 314 941 89 720 550 408 803 948 871 442 840
491 269 682 142 621 513 422 209 983 328 381 557 454 589 890 548
730 883 316 763 370 853 455 576 680 413 187 42 836 837 433 926
525 197 908 258 508 0 874 397 62 416 387 52 173 117 776 255 233
431 158 58 407 705 899 674 65 571 553 859 966 467 257 777 211
590 813 627 609 66 479 569 418 464 254 835 342 84 273 198 88
430 320 739 426 709 37 895 660 527 364 398 821 452 789 19 30
686 919 593 521 912 514 436 345 622 960 