182 712 717 982 221 801 962 204 748 156 105 601 795 524 314 727
619 925 483 471 37 824 991 901 422 746 12 346 430 230 649 568
231 503 130 309 948 9 702 449 518 436 838 971 454 763 136 17
770 951 724 966 357 68 512 292 825 729 409 126 185 934 41 241
43 258 501 872 98 889 754 139 960 29 728 242 639 569 850 831
166 363 181 897 523 852 735 302 681 744 730 511 350 575 66 333
47 848 67 411 738 307 478 505 133 684 857 790 561 860 184 216
232 703 303 840 541 162 376 86 65 398 625 890 2 544 48 674 165
646 206 487 660 811 760 747 902 151 261 609 372 371 710 345 493
638 10 953 977 768 652 77 497 295 300 936 223 733 923 929 559
892 773 193 498 786 158 869 875 571 603 399 986 16 546 64 395
379 423 614 470 668 375 239 220 325 467 459 115 3 260 280 926
843 909 657 558 18 556 389 993 868 722 