115 752 239 757 117 224 203 773 222 725 871 64 562 144 860 453
124 371 578 73 780 41 510 910 24 705 2 506 235 139 52 131 522
765 422 493 624 360 625 474 570 84 932 431 338 673 610 891 401
990 18 208 690 618 839 583 778 372 700 949 411 676 357 963 605
777 835 12 66 594 831 629 272 171 561 822 730 672 651 417 698
818 490 768 809 548 799 186 322 911 158 715 96 595 816 138 538
288 898 645 843 733 381 916 789 893 720 106 872 347 571 537 859
172 300 29 40 379 592 539 762 819 824 946 290 104 811 354 512
714 967 241 387 582 569 261 128 525 509 441 971 246 850 603 47
505 904 17 742 750 913 416 489 543 274 244 16 962 103 95 708
519 909 763 249 