901 487 203 788 129 398 308 661 250 438 303 174 545 886 215 584
286 320 681 920 381 589 114 276 921 400 321 240 352 307 566 885
359 261 789 323 869 127 268 235 6 977 617 516 313 497 83 627
812 98 561 917 217 778 813 489 663 430 319 950 278 657 182 18
976 556 640 298 932 994 638 513 986 832 742 329 654 947 958 239
759 978 796 112 728 620 355 860 169 699 870 588 852 366 769 482
756 221 483 650 948 271 364 488 863 506 139 517 857 454 424 998
970 887 941 291 679 600 66 841 530 632 722 201 900 739 577 697
142 72 997 611 440 858 738 389 665 190 776 346 973 802 572 445
119 775 972 680 649 199 569 125 88 274 130 123 485 419 714 339
676 723 938 248 865 439 990 42 695 691 