132 495 819 442 676 411 469 84 179 290 804 548 818 431 438 973
915 658 709 93 530 886 56 134 32 421 457 412 539 793 198 797
674 303 55 332 331 173 904 859 242 637 945 673 525 126 327 695
991 737 326 743 813 739 502 357 226 68 223 513 540 902 33 914
783 832 6 563 976 607 989 156 372 775 404 106 480 828 435 152
559 528 308 635 745 970 684 861 379 986 160 741 185 511 452 419
817 519 43 769 367 718 626 54 873 571 349 908 803 486 330 195
875 271 643 410 416 459 471 946 112 884 458 681 30 281 407 158
796 481 298 624 629 312 822 792 935 848 685 268 351 650 231 3
157 844 401 812 325 625 690 306 296 890 180 465 49 664 713 642
168 926 543 869 186 712 903 247 377 343 483 175 618 546 923 283
