655 278 421 950 592 213 114 637 727 245 741 663 949 989 242 356
579 397 27 734 466 288 846 844 490 676 542 414 722 776 343 791
102 540 778 753 710 351 133 599 502 149 360 459 194 465 657 181
0 436 350 365 876 331 895 142 463 129 154 887 61 883 426 223
90 395 821 574 942 744 303 40 716 287 346 337 993 556 325 994
28 906 973 578 529 496 99 52 387 615 332 389 76 648 150 48 162
962 531 336 794 992 849 93 826 146 958 271 678 689 56 109 526
408 987 143 549 418 270 747 430 842 339 234 684 633 127 899 126
782 259 889 516 761 403 751 670 970 3 77 370 746 940 587 805
982 613 221 70 644 997 575 462 174 652 60 29 955 251 816 422
537 292 629 272 777 850 157 424 168 439 600 316 695 848 931 672
788 37 720 250 4 709 799 547 185 338 314 713 201 295 474 282
631 379 758 656 17 80 244 87 25 364 