418 971 345 458 54 481 558 843 29 327 91 236 27 136 6 800 33
421 200 968 230 793 428 860 309 161 955 93 31 382 666 135 462
733 126 346 706 585 42 914 66 288 930 83 178 822 284 206 546
705 86 994 754 535 605 531 798 722 475 373 339 331 28 951 941
231 927 885 171 471 426 684 904 959 67 370 9 868 714 408 553
739 165 966 634 609 96 251 168 275 369 815 537 157 162 659 73
392 94 817 624 619 62 773 107 375 508 736 457 987 427 143 856
14 944 916 179 967 209 156 756 311 648 852 564 832 883 819 397
448 850 277 689 836 855 629 652 291 568 84 570 255 499 647 646
538 349 473 115 527 871 226 218 464 583 364 1 351 580 87 946
154 869 484 742 199 668 412 254 10 505 665 556 533 731 744 984
436 201 519 623 176 975 931 778 818 534 90 131 