625 631 835 997 838 303 563 128 18 259 288 387 4 297 736 446
987 432 394 326 666 200 91 538 369 632 419 154 480 116 579 709
804 28 88 328 794 649 614 662 752 242 190 735 578 215 212 82
209 898 410 894 300 376 425 95 968 456 375 361 696 247 842 943
822 493 594 356 866 728 218 166 556 628 345 526 698 836 823 807
465 174 428 669 938 721 55 821 870 321 130 880 70 207 933 319
258 539 659 23 396 24 513 198 844 293 239 453 759 701 179 152
734 119 185 827 189 223 178 748 226 240 680 397 592 483 780 767
46 404 400 280 7 351 151 648 502 228 642 138 899 36 268 657 263
155 135 73 851 545 598 302 747 474 230 853 8 488 673 182 447
309 196 831 440 588 118 964 145 220 78 256 391 153 250 284 507
450 785 470 362 971 942 998 255 681 593 165 914 158 66 261 568
452 414 977 