134 824 137 66 374 786 7 252 352 590 151 160 398 184 822 399
982 431 323 105 641 522 961 284 236 750 683 555 538 320 18 138
73 952 499 378 738 106 139 286 781 414 341 841 178 595 753 426
241 813 604 953 126 74 789 586 783 62 215 181 407 639 278 327
170 243 960 888 130 756 186 460 531 368 761 752 358 332 325 526
487 443 346 578 454 583 885 135 946 253 356 592 646 310 457 678
412 872 978 256 848 481 244 432 157 926 271 488 180 22 910 775
855 387 233 307 292 567 209 41 747 47 493 607 423 249 258 760
109 500 569 95 882 222 189 218 300 635 988 212 668 795 365 438
664 582 182 545 820 392 935 306 478 958 509 879 26 326 942 930
91 969 914 175 504 146 723 679 983 297 936 245 603 805 0 780
417 804 644 826 643 706 312 739 