670 686 263 475 984 701 481 446 70 4 742 309 277 3 895 700 5
38 529 201 986 683 177 691 877 149 697 120 891 97 761 611 834
619 417 274 677 867 807 933 328 634 719 200 659 638 628 848 830
169 900 73 470 764 894 737 574 415 53 132 944 964 372 629 763
887 495 520 253 603 416 49 983 179 669 838 645 875 997 889 803
810 344 159 994 749 640 395 952 176 26 290 173 560 783 924 69
623 557 973 424 929 278 779 743 76 10 752 228 311 117 718 377
262 297 727 460 136 426 753 273 511 904 410 454 786 693 920 272
589 104 144 125 713 139 667 723 191 396 548 689 134 878 293 972
220 522 323 799 626 448 532 493 68 369 7 513 131 653 491 385
443 87 707 384 62 914 254 