276 362 740 667 43 193 680 278 692 955 42 44 878 70 629 403 725
457 865 321 950 892 543 168 314 377 749 847 239 727 945 480 615
49 9 492 370 299 882 975 316 496 985 175 590 22 944 561 87 387
738 875 200 675 31 184 901 486 594 810 254 63 834 696 458 910
515 526 916 951 397 150 158 19 147 764 269 382 721 733 831 180
154 998 96 32 495 736 952 137 328 86 970 883 149 143 890 611
940 195 406 519 272 261 787 183 110 159 226 853 621 472 351 933
510 849 398 322 969 720 33 52 541 474 534 690 315 966 903 654
172 596 313 319 330 815 445 2 61 631 677 130 66 556 271 478 407
60 807 756 13 388 470 518 136 484 732 776 82 1 420 813 687 728
718 660 908 