13 993 607 936 6 466 627 299 631 416 635 524 938 402 720 879
130 339 18 83 827 450 787 262 738 722 332 410 728 516 681 135
213 489 571 46 652 555 206 189 352 114 510 438 735 502 15 59
970 256 977 420 723 447 500 563 539 278 119 756 32 363 142 559
348 847 640 623 721 484 354 217 272 427 396 255 311 599 400 815
357 192 922 831 887 594 61 688 191 60 743 648 451 405 584 785
228 132 770 493 422 719 345 913 141 254 554 557 944 125 841 679
671 492 36 258 66 210 718 440 789 726 429 17 463 47 242 846 668
861 430 122 833 564 982 193 395 486 273 208 104 614 904 487 240
399 810 849 630 71 465 310 937 946 820 809 781 149 617 963 522
