133 74 382 234 324 1 160 231 192 645 654 639 273 51 508 339 251
585 923 480 647 171 6 697 937 150 299 501 32 982 185 318 596
504 435 195 338 39 15 68 570 974 643 781 625 87 809 684 929 152
191 802 687 565 243 669 560 275 678 695 881 847 354 214 322 926
634 235 925 584 849 927 295 113 786 294 19 787 991 151 627 879
141 586 962 725 165 484 187 732 433 445 521 170 747 313 650 250
392 470 548 79 915 969 380 371 469 556 429 428 831 373 44 479
57 840 729 172 300 837 224 375 710 921 202 830 45 841 48 24 355
121 868 478 436 76 775 733 158 949 910 156 664 595 117 326 575
583 20 530 316 111 221 319 43 131 655 404 863 615 72 778 960
784 529 270 70 660 966 210 892 616 194 970 884 675 73 23 228
342 810 137 409 448 35 258 