269 238 227 701 683 334 787 906 370 146 250 791 814 748 221 617
667 591 265 573 924 647 715 360 541 378 962 95 247 911 724 973
917 693 838 150 782 531 395 121 800 909 502 806 108 13 332 527
420 726 784 867 448 739 733 995 244 729 699 423 402 149 253 406
302 818 288 252 200 481 807 43 503 668 686 771 982 762 472 855
193 743 824 845 393 305 98 560 39 324 780 768 451 7 457 704 598
381 547 880 583 940 106 243 206 27 594 870 277 487 294 858 231
960 85 28 789 316 741 419 60 248 624 389 387 16 81 336 850 183
449 36 153 179 271 161 46 282 897 162 229 772 720 346 473 196
313 182 589 869 187 615 542 987 223 779 319 931 470 492 853 764
273 204 895 785 650 878 73 232 33 949 888 550 202 318 131 168
804 928 580 837 856 821 19 752 702 148 525 177 88 110 416 854
116 50 653 379 