704 885 96 389 789 759 953 879 377 864 416 20 843 68 756 259
402 840 737 940 785 491 362 728 691 478 685 327 112 916 507 966
750 293 495 359 476 199 638 540 45 954 237 440 0 764 163 175
460 450 987 688 767 408 25 686 523 752 195 580 384 214 545 188
295 500 492 609 539 965 472 459 162 318 101 941 348 798 714 418
878 405 92 429 913 625 391 552 757 294 501 962 5 915 502 6 123
46 235 37 969 347 645 697 334 607 180 299 128 652 578 519 912
562 603 718 804 12 662 515 28 738 346 657 828 744 803 753 82
991 393 559 328 134 34 71 677 138 210 724 712 85 438 344 475
77 469 860 105 550 725 783 189 118 555 322 834 585 770 522 397
994 137 213 249 116 839 350 859 619 224 853 810 982 554 106 944
202 463 351 556 887 310 695 594 330 894 989 98 143 53 329 626
131 706 983 55 801 669 517 748 11 