711 59 364 508 46 166 856 742 580 913 585 905 235 886 918 720
481 288 492 851 882 304 0 13 8 392 230 693 449 879 118 972 983
185 322 513 718 109 717 439 843 650 761 787 45 461 771 659 456
960 842 892 809 692 159 220 323 735 195 135 563 412 47 404 946
108 625 778 568 810 37 32 557 102 523 907 370 654 919 548 63
478 292 898 542 958 147 606 857 187 271 716 74 462 837 629 562
921 277 719 300 739 411 266 661 589 487 356 583 321 367 35 385
96 388 289 820 570 340 451 646 92 624 873 450 723 117 533 878
219 139 623 935 590 727 119 375 866 21 944 351 593 776 861 33
922 60 653 881 402 297 397 545 423 232 667 715 518 342 609 891
816 452 320 950 67 104 156 282 103 489 578 324 294 73 154 595
712 586 410 730 991 644 651 190 818 328 728 543 992 164 49 824
537 