202 243 806 131 913 33 67 452 636 513 868 625 936 49 174 423
181 155 664 139 313 552 242 234 982 277 979 843 51 877 826 278
935 330 804 865 429 657 216 325 844 198 328 842 382 78 292 527
353 751 351 322 225 634 797 805 92 495 152 519 285 983 406 919
594 717 650 291 159 745 357 469 379 363 995 888 521 22 714 262
320 822 128 730 40 189 897 235 324 24 832 463 194 417 416 118
544 841 73 622 36 831 893 34 437 685 847 851 861 597 922 57 398
645 921 490 119 884 248 257 172 5 718 298 401 364 960 555 238
208 193 737 222 915 246 425 741 813 560 132 790 316 23 929 739
358 700 860 906 663 303 779 266 383 412 507 962 342 738 204 497
481 422 980 