957 819 807 615 798 444 881 296 677 435 274 660 939 33 995 590
45 230 471 127 15 564 962 345 625 856 747 971 199 487 56 396
68 950 951 196 818 999 188 482 241 244 184 30 946 21 777 675
448 767 508 870 75 502 649 538 442 431 128 323 273 885 883 925
348 859 808 979 603 648 982 186 445 616 620 672 171 651 824 104
673 336 88 61 258 786 251 119 854 986 399 333 379 754 804 263
977 329 727 443 48 689 117 40 107 909 741 357 709 364 539 606
214 816 695 682 860 629 332 290 167 871 54 35 583 315 581 772
791 101 212 67 397 642 305 316 50 362 994 867 664 556 832 225
123 116 227 874 41 528 858 425 492 490 934 235 843 653 1 309
202 688 889 521 182 58 759 193 215 93 618 414 109 773 481 53
164 139 383 811 599 941 256 385 247 532 596 626 422 676 805 540
617 917 628 373 