220 656 188 905 299 407 238 319 431 672 909 631 405 817 289 566
984 927 351 221 241 29 403 457 381 893 363 131 136 118 305 97
408 187 418 372 536 913 40 438 390 257 720 858 262 620 127 459
113 726 701 292 26 460 652 573 604 685 492 189 324 499 76 553
937 868 495 856 453 340 532 116 427 572 272 374 935 590 115 977
382 209 748 373 862 166 470 184 845 60 797 102 111 695 740 101
148 628 900 77 232 218 469 197 69 39 155 253 616 667 714 92 936
886 383 755 699 86 419 749 210 779 800 331 338 881 793 306 603
260 505 761 276 509 67 145 449 109 543 451 978 996 99 461 200
288 552 422 613 486 617 744 589 7 818 245 691 638 183 439 370
541 334 261 465 764 555 15 664 435 644 391 719 122 242 159 791
62 313 912 882 924 224 337 574 846 494 