268 867 338 201 363 150 482 787 770 757 809 30 685 759 50 955
179 396 627 63 404 621 247 601 539 529 352 160 372 980 783 610
474 308 526 467 373 215 415 899 904 990 844 592 94 801 817 928
486 567 157 948 243 659 108 877 311 649 14 188 546 65 287 515
222 603 105 780 530 915 191 556 688 862 981 197 651 159 961 692
453 0 635 611 4 106 569 952 795 972 136 656 749 593 231 251 77
502 531 455 534 700 73 210 468 675 132 671 710 829 882 498 544
296 359 428 890 732 630 833 896 214 579 881 146 153 726 452 257
239 96 180 362 500 286 777 272 368 774 253 194 545 266 90 241
637 574 562 156 217 476 479 493 174 386 312 199 211 989 761 407
690 826 730 410 900 936 435 382 18 123 292 555 