516 499 302 965 112 78 61 919 764 894 699 355 293 565 609 342
619 978 522 712 898 904 738 866 407 673 397 453 773 689 170 76
824 607 654 384 956 570 491 364 231 860 783 825 95 627 409 391
707 122 637 451 541 442 23 420 940 50 198 42 792 972 815 279
345 933 159 351 1 853 323 38 468 160 836 385 339 135 910 493
994 774 818 394 247 926 438 172 734 890 102 781 772 700 828 415
895 106 927 26 450 192 212 432 527 443 295 380 424 952 276 674
68 310 811 626 526 164 531 401 496 610 82 91 957 533 500 538
879 769 286 271 108 329 572 265 603 728 981 653 423 546 739 529
14 553 269 611 951 361 55 742 709 552 543 239 253 284 835 280
862 171 335 584 690 173 985 111 645 249 521 421 762 730 194 827
143 189 729 134 153 643 77 107 934 647 378 941 945 325 555 867
519 991 191 697 681 517 672 