416 482 474 651 261 241 866 94 341 623 420 142 844 494 831 231
106 105 683 665 394 859 928 281 282 760 268 530 839 33 102 695
797 380 921 243 280 135 705 452 272 160 806 338 151 355 87 146
673 294 56 362 723 541 174 688 381 469 950 964 568 634 132 45
190 549 425 717 209 163 729 234 229 669 617 124 249 901 755 424
237 800 984 894 418 930 161 4 540 520 17 915 782 843 647 931
820 64 924 801 141 324 334 273 218 569 91 49 802 116 646 333
476 985 36 410 830 183 627 320 187 877 176 486 543 666 211 698
607 393 335 5 821 753 624 130 495 941 390 456 954 886 789 82
588 927 983 178 590 765 374 913 222 914 263 389 579 321 302 483
193 313 897 586 356 766 707 270 477 373 297 562 631 498 575 154
676 694 529 621 722 293 346 435 402 340 207 77 505 907 966 833
15 