592 259 926 627 58 206 261 920 742 209 240 652 720 520 800 180
2 702 643 636 357 352 84 623 777 98 750 354 71 63 542 350 584
581 432 477 379 619 266 785 624 396 715 568 123 347 618 503 775
471 504 79 957 309 782 90 440 161 18 214 668 936 907 768 497
434 569 358 852 791 633 756 484 770 495 456 948 900 361 839 250
512 854 818 165 988 327 836 329 316 673 863 879 92 199 179 65
662 540 51 626 600 321 611 430 260 415 572 160 89 825 411 262
940 707 117 912 956 242 646 32 996 937 550 704 297 147 82 712
827 115 49 192 819 202 458 891 151 898 435 776 962 496 16 588
665 308 967 366 200 427 42 841 9 420 74 271 44 809 549 176 46
651 960 970 282 893 380 961 167 878 513 997 786 995 724 968 847
429 553 424 35 246 527 803 283 664 100 594 280 667 722 295 909
745 829 45 390 476 