877 787 995 655 438 937 61 340 142 612 748 318 279 322 675 645
309 254 604 889 284 902 831 868 481 282 53 870 293 76 654 517
529 577 196 63 790 998 715 280 213 847 978 401 887 457 348 737
71 86 423 551 200 581 272 219 713 496 72 811 644 373 409 387
175 637 835 172 179 328 797 824 289 788 684 31 469 205 597 25
365 12 827 890 579 150 932 925 13 227 946 240 347 153 558 678
209 878 908 580 360 397 464 294 624 960 673 198 591 300 966 441
136 428 749 996 442 728 377 616 160 981 75 610 263 462 812 582
131 880 503 599 268 971 527 771 972 140 690 719 17 382 627 357
211 335 692 783 77 212 912 88 487 557 480 554 718 95 187 782
674 940 366 229 243 424 449 197 561 828 679 507 5 321 882 411
550 646 620 576 841 473 628 