909 360 273 175 485 505 65 734 26 907 802 691 910 339 249 330
873 133 82 53 925 658 729 131 208 150 163 153 122 390 234 622
113 612 284 62 180 109 502 641 694 37 964 289 469 539 932 608
707 282 388 595 583 134 35 445 49 182 811 188 263 156 242 950
800 341 562 941 600 117 921 415 496 857 58 56 256 229 5 841 129
465 258 512 6 185 572 36 142 642 387 400 922 277 581 620 120
337 89 575 599 235 325 823 967 826 607 915 352 417 404 302 718
801 394 553 524 460 969 279 911 316 95 372 728 770 955 670 57
475 66 427 101 693 479 385 986 597 850 709 560 954 628 462 292
364 846 775 544 233 38 715 613 328 838 540 386 843 587 998 159
