383 845 603 112 890 1 599 181 348 473 755 166 391 83 624 805
294 326 681 80 994 110 924 343 5 259 485 338 957 184 123 493
49 765 568 99 971 524 872 108 63 41 630 842 952 300 471 565 886
424 334 324 155 498 843 796 228 633 381 28 232 607 190 809 224
200 940 219 510 445 250 564 18 919 34 993 61 532 574 147 888
647 587 968 692 73 508 815 719 182 867 288 756 122 701 66 31
104 664 615 405 835 304 695 954 453 467 470 0 956 29 411 416
233 162 969 286 86 357 284 163 860 517 699 678 153 167 674 826
614 400 91 671 369 45 912 778 39 337 373 914 849 748 454 446
327 629 335 242 746 165 240 476 530 907 941 248 227 790 3 433
596 799 36 831 188 239 322 987 953 621 221 202 535 423 192 344
911 573 116 62 293 279 177 856 593 382 374 461 275 747 410 124
555 310 761 663 106 959 783 289 806 700 