838 550 30 564 31 602 877 811 541 892 50 186 200 712 404 982
346 201 252 247 113 227 800 875 786 162 328 0 77 123 457 722
645 882 500 311 64 520 324 271 257 679 927 128 961 694 462 629
395 453 268 146 655 530 615 71 516 401 428 695 390 57 962 172
806 991 787 264 170 956 298 575 802 634 440 978 930 83 893 310
815 807 507 480 135 270 489 637 89 285 231 656 39 973 125 477
680 179 432 471 747 46 828 636 119 303 239 316 545 127 696 372
272 664 141 214 831 843 92 233 562 399 600 623 421 443 810 413
53 923 212 20 865 631 182 883 503 397 837 414 441 532 150 571
827 775 599 536 492 499 105 808 996 945 276 323 475 378 734 846
