347 28 699 633 376 795 601 904 481 728 619 923 78 738 620 68
196 492 797 397 92 775 336 563 787 640 70 349 276 448 231 555
805 192 949 979 920 654 690 389 921 394 912 682 701 122 239 342
731 641 234 256 10 218 896 109 216 491 825 973 841 138 917 771
603 546 671 609 323 53 441 997 418 503 30 258 167 554 44 991
217 853 903 881 597 972 224 461 354 631 939 334 523 879 930 484
49 571 55 670 996 611 914 971 675 339 377 352 621 860 74 962
361 762 900 531 387 723 950 842 817 156 798 209 924 581 935 736
383 545 322 634 716 724 413 435 208 57 20 891 740 152 479 494
882 686 505 538 331 5 289 744 500 497 96 793 227 786 472 961
292 918 311 766 460 