728 813 963 256 110 221 3 113 118 38 107 229 671 508 76 561 274
643 923 957 917 833 281 52 27 124 979 882 515 461 898 325 986
426 598 549 497 218 330 44 196 476 940 386 437 637 663 950 63
45 962 745 250 534 514 404 644 522 125 576 783 902 968 483 793
885 94 390 720 261 997 452 367 231 305 976 252 874 112 415 873
308 801 610 345 606 236 756 154 628 851 647 776 254 523 738 650
478 79 664 805 217 662 749 398 916 755 707 826 678 837 309 955
535 484 418 328 176 951 594 470 193 480 251 719 862 998 276 91
260 990 439 132 343 910 930 378 991 102 760 651 573 761 948 181
700 864 914 959 956 18 248 264 772 399 68 436 717 74 939 509
95 609 640 913 54 290 267 775 695 599 618 