8 410 799 264 93 863 232 869 80 951 777 535 24 940 983 362 79
975 776 984 606 775 73 366 514 856 779 246 746 36 664 151 341
62 596 266 435 14 239 447 893 143 886 433 337 480 870 147 406
904 33 527 374 275 398 120 255 194 681 56 571 750 913 607 332
946 72 785 236 649 44 926 845 101 335 119 256 102 65 945 803
962 581 628 96 61 212 813 680 873 737 113 153 186 513 839 594
339 726 831 792 2 521 344 768 279 107 168 499 719 487 139 605
819 224 146 19 542 234 539 149 804 197 123 559 622 771 791 662
380 3 658 757 965 419 338 320 378 637 452 468 171 611 373 4 178
470 7 666 128 908 249 990 903 35 857 770 541 767 314 565 759
512 385 127 87 491 942 363 603 736 929 501 333 