579 41 146 674 989 218 940 645 552 118 75 79 951 996 609 493
554 345 238 219 7 668 971 972 368 793 187 666 807 237 252 723
157 409 412 119 628 664 712 748 121 643 657 320 758 812 11 369
695 341 385 933 919 359 73 898 759 315 71 680 660 523 983 80
301 38 661 365 558 202 806 379 632 239 678 196 716 338 330 765
985 671 234 476 760 351 992 49 638 618 910 333 468 697 334 583
934 25 650 87 259 366 973 373 830 611 236 881 684 636 811 480
56 918 549 226 693 798 306 160 659 427 46 112 327 180 172 311
122 551 792 718 69 964 511 595 145 400 690 14 780 846 389 44
24 797 300 915 156 261 303 536 702 545 466 282 297 537 805 323
469 143 275 959 464 117 43 520 866 296 458 332 785 487 482 61
755 77 405 982 900 454 83 22 363 247 414 140 947 776 484 382
698 582 962 420 133 26 479 443 733 976 492 