873 949 359 684 423 524 272 657 501 316 257 658 402 145 108 432
882 513 471 642 472 695 502 489 382 781 665 856 530 874 858 914
816 123 916 540 760 607 802 617 825 992 685 813 780 848 434 111
739 386 413 700 351 752 180 341 333 205 812 356 312 842 485 9
887 342 407 183 984 20 347 314 260 707 167 738 89 373 528 466
273 612 845 212 87 559 4 783 969 675 399 966 499 938 375 650
748 311 833 270 840 381 678 329 308 101 875 114 907 770 278 522
951 948 634 324 73 424 121 652 704 993 659 267 268 844 952 362
835 310 187 68 192 971 409 974 221 206 740 583 141 410 495 550
995 584 662 193 964 378 49 655 140 126 630 459 230 71 182 941
804 430 233 161 718 828 795 158 727 512 997 577 263 133 989 525
926 419 266 