388 829 361 694 688 32 474 237 407 954 85 695 208 778 332 921
665 443 524 847 565 905 846 887 458 757 770 606 983 446 580 533
993 189 91 228 43 306 256 285 221 303 937 712 140 45 539 86 138
618 425 798 439 860 178 775 794 930 700 322 142 501 510 616 620
906 595 444 844 593 997 420 814 162 961 13 57 750 839 707 948
202 608 969 590 790 824 545 118 319 359 194 642 317 683 260 641
116 145 802 351 10 531 316 384 333 797 292 314 941 73 853 926
82 613 752 186 991 591 576 644 674 714 129 673 566 335 182 330
236 681 762 612 819 52 307 315 478 274 391 445 97 294 218 35
796 946 460 698 496 850 992 440 19 988 836 866 153 564 655 881
471 0 477 25 979 557 951 281 834 710 6 385 373 706 974 15 622
374 873 822 289 321 872 682 249 250 331 764 986 772 994 692 717
