334 533 939 694 624 289 342 681 417 938 982 535 233 412 594 5
506 31 438 835 785 38 922 279 755 705 997 418 22 99 773 85 523
792 112 246 936 451 819 706 67 262 41 244 268 728 602 343 359
392 567 96 745 788 333 349 831 753 912 777 193 230 221 228 304
950 11 86 390 626 487 978 836 405 929 970 181 507 71 489 307
935 987 628 660 606 692 12 26 320 855 379 6 134 55 796 458 205
641 74 378 387 267 623 807 386 877 7 316 934 577 612 516 143
914 110 75 918 620 847 597 632 676 368 434 771 778 202 207 239
339 860 118 361 109 291 396 817 65 943 619 269 478 789 182 878
961 714 163 252 521 355 492 889 731 413 742 743 857 734 642 139
669 667 573 