477 319 189 77 211 232 137 199 755 508 235 844 522 71 514 958
636 573 408 907 417 341 451 528 316 511 868 484 989 123 871 530
380 846 142 193 58 346 278 988 185 581 64 411 709 777 934 327
706 705 486 743 231 70 631 539 359 797 510 963 339 461 435 373
20 376 241 536 901 768 56 981 900 175 767 935 991 436 533 294
0 447 598 7 924 637 101 182 406 481 104 325 271 811 842 913 267
146 418 39 526 362 554 822 389 943 812 995 583 216 215 949 336
509 612 774 863 170 281 675 926 882 475 322 789 595 820 148 187
66 311 227 537 627 164 505 230 960 544 329 800 395 677 471 415
962 205 770 916 568 553 929 388 665 207 111 858 110 315 407 744
790 143 356 363 91 965 671 226 200 147 222 561 127 624 96 69
824 512 580 799 234 656 85 713 884 699 310 541 854 606 125 22
263 129 707 57 378 908 370 698 