693 153 999 323 398 232 633 654 23 149 592 138 181 172 196 578
779 237 45 643 339 925 562 673 492 302 521 114 20 502 321 532
254 805 982 154 402 585 466 678 656 495 859 641 991 796 801 306
46 30 200 223 649 904 594 148 66 677 264 56 205 486 658 295 960
791 115 482 471 228 508 233 44 849 197 51 810 882 390 75 667
293 869 203 19 407 893 899 966 918 547 109 307 29 180 955 64
565 807 511 873 644 382 786 668 829 756 621 720 296 439 174 587
975 179 177 421 259 406 496 330 430 813 852 92 770 568 624 345
617 121 545 381 388 782 818 789 938 434 145 935 806 875 99 120
749 341 819 252 767 238 529 383 185 591 851 343 478 841 501 359
543 612 435 279 353 464 901 981 897 732 191 793 933 418 37 652
310 375 128 764 825 190 483 151 784 505 700 572 985 395 994 759
141 220 577 769 