536 953 60 162 408 883 140 284 834 95 979 71 113 252 66 137 344
189 591 475 813 57 199 761 958 578 633 354 327 139 721 509 444
398 622 612 886 949 839 585 384 98 313 244 768 233 289 221 719
224 132 596 394 275 319 663 94 342 654 989 660 474 891 828 738
51 158 180 114 781 271 235 171 934 783 982 246 427 715 944 346
449 683 287 100 101 504 404 910 559 575 213 655 375 731 605 929
717 461 888 942 832 382 116 266 773 988 437 916 621 219 421 954
777 495 600 912 999 819 981 525 608 861 636 908 759 686 755 985
863 848 401 108 606 223 711 36 972 775 640 190 854 872 868 515
379 480 38 26 555 415 353 86 263 276 291 488 304 118 37 917 706
10 489 631 922 752 330 44 528 599 701 760 370 745 217 546 288
722 951 234 782 826 875 