601 505 735 303 270 411 959 184 388 662 316 532 868 556 900 126
752 999 906 571 584 527 711 971 974 393 720 964 988 791 255 60
506 622 452 508 737 246 613 195 130 335 462 844 341 579 680 38
460 121 396 847 981 787 994 258 864 439 722 710 596 614 304 934
990 582 946 355 503 871 100 390 10 541 841 872 202 941 531 262
144 122 877 834 749 376 463 474 969 459 421 383 152 251 965 578
962 431 136 894 655 799 76 395 268 683 157 188 520 425 193 156
960 43 224 178 937 183 212 347 726 253 626 56 517 811 652 813
145 605 175 848 77 312 514 948 529 149 782 671 305 786 704 982
639 19 518 815 115 131 322 805 772 54 757 371 438 598 631 540
569 499 785 110 1 75 362 27 759 833 553 644 709 256 295 876 932
889 92 632 283 48 773 490 84 237 260 259 607 17 330 498 609 712
623 702 83 654 320 977 269 445 