688 343 878 312 919 452 549 847 158 157 628 371 212 162 607 578
640 520 911 221 692 975 250 937 754 244 573 204 237 173 742 707
96 323 581 449 184 270 240 168 421 815 913 813 335 786 40 50
367 136 110 193 912 397 21 60 477 311 644 83 837 285 53 862 529
949 924 672 998 342 736 952 825 657 577 406 514 833 88 662 302
255 903 172 486 408 275 37 797 191 999 794 961 182 7 23 861 174
57 687 361 101 943 249 440 652 348 429 181 145 215 522 456 796
940 639 142 680 478 611 365 851 288 864 873 606 656 641 246 127
479 556 422 105 113 934 995 734 956 953 464 653 340 81 186 64
347 155 31 332 424 689 701 305 823 737 764 35 14 523 381 929
767 795 48 55 140 703 438 187 745 853 928 419 876 990 660 691
54 709 3 20 144 370 637 417 780 967 146 476 298 