717 861 756 36 344 448 183 170 713 32 474 510 679 1 819 531 997
506 753 914 315 745 369 341 700 373 248 883 59 459 684 301 533
134 907 176 877 542 562 929 761 359 610 750 96 980 58 42 612
430 477 175 728 141 636 647 956 50 979 715 960 165 418 881 342
609 564 61 565 327 390 591 2 905 83 466 585 990 535 223 568 340
696 577 427 639 255 703 5 117 107 487 683 802 496 243 826 210
122 102 201 8 305 539 559 367 945 346 952 833 400 662 269 60
334 128 287 182 85 93 283 410 992 285 668 174 195 270 574 645
638 168 256 686 711 697 313 600 755 551 621 608 546 495 654 366
137 360 671 760 149 424 338 9 212 227 940 650 325 44 354 595
