520 539 292 88 141 403 151 717 784 565 107 910 190 91 995 409
875 768 237 310 572 622 1 26 754 201 712 477 594 435 327 144
261 294 690 341 953 16 30 759 374 994 821 580 87 248 384 378
734 848 181 488 158 317 785 459 284 547 853 751 919 281 616 527
112 472 611 361 870 761 478 583 568 688 729 840 164 225 993 174
484 780 703 81 687 386 165 38 285 686 399 724 728 430 573 776
254 569 933 778 619 82 117 896 356 204 695 515 833 373 718 624
199 544 559 502 967 195 492 610 5 858 627 856 305 25 517 331
746 894 330 50 389 733 582 407 918 613 209 335 978 887 421 774
845 673 186 263 62 563 446 357 902 194 549 816 102 444 451 423
889 684 316 340 260 216 824 76 275 252 152 634 300 763 750 855
304 22 115 192 283 400 966 448 987 315 781 229 388 307 968 179
139 738 511 509 