486 771 618 335 933 816 93 299 301 273 290 861 657 680 320 243
539 144 65 170 506 571 328 714 381 213 436 435 477 882 21 746
985 452 304 565 596 60 577 227 603 269 63 526 667 488 590 873
855 841 553 670 113 617 966 216 370 426 395 73 627 351 217 744
504 936 846 723 473 378 907 602 307 326 9 368 116 325 396 99
8 175 512 529 946 928 334 254 268 126 669 786 399 930 877 924
699 374 7 977 947 902 582 827 327 717 710 819 659 148 521 450
721 97 308 209 57 482 297 996 675 931 776 929 754 849 740 713
700 296 221 200 59 13 919 78 762 339 610 86 100 631 566 156 234
784 442 85 232 662 528 536 689 843 895 635 157 192 888 467 948
123 893 559 594 546 830 146 679 993 806 979 135 756 824 88 465
793 775 813 956 367 896 95 38 446 986 997 109 136 341 599 952
265 383 322 349 859 686 909 384 11 