384 48 455 787 599 406 866 616 489 241 932 60 69 295 845 314
240 137 652 1 312 954 684 885 444 881 621 215 274 558 426 836
848 873 502 586 207 708 294 901 194 141 13 404 202 491 484 880
687 414 291 808 327 763 440 41 833 153 320 573 36 479 550 254
985 54 818 593 296 890 595 94 164 86 206 665 74 773 956 614 937
266 519 388 852 104 796 774 217 110 946 392 230 719 728 90 447
859 661 58 371 688 759 446 984 507 650 339 840 78 788 322 636
878 476 470 585 567 126 96 451 326 249 892 304 302 981 308 643
395 580 886 986 605 681 875 929 683 868 730 454 175 677 604 25
160 518 265 999 498 182 777 452 341 826 666 647 795 379 117 660
378 486 663 263 523 45 3 576 963 