753 972 188 693 634 808 96 480 132 687 336 49 243 410 627 236
544 974 146 227 528 734 617 120 183 922 371 741 713 650 561 785
247 442 698 807 895 653 530 501 732 688 614 756 134 905 471 535
893 207 672 703 978 859 803 453 461 684 921 609 739 27 667 995
240 72 720 201 606 430 39 65 729 251 265 642 655 557 190 347
644 787 519 809 137 595 598 493 701 101 210 339 725 540 14 175
242 216 496 206 449 382 876 474 918 775 560 171 782 435 57 200
975 710 988 330 986 660 4 218 515 761 127 772 316 616 282 312
632 125 269 233 425 866 580 801 246 302 122 794 370 563 208 76
489 799 510 357 404 451 752 682 368 360 854 193 412 778 105 459
996 128 820 846 7 