334 765 841 901 677 15 504 313 143 211 200 715 873 676 736 680
365 559 866 620 598 117 33 889 884 184 333 5 38 8 669 344 617
944 476 844 222 616 65 773 977 393 890 265 982 664 594 24 949
850 331 835 345 446 162 319 472 473 61 451 815 156 557 236 546
785 179 93 955 389 742 624 797 739 429 90 621 875 189 223 923
89 255 316 593 800 869 460 284 167 0 486 588 574 439 936 672
536 7 324 781 275 3 734 80 489 965 767 248 129 174 471 793 821
273 100 213 260 863 723 183 833 56 274 302 371 295 424 362 13
416 235 303 957 947 663 312 256 407 6 291 872 822 262 304 632
777 688 725 573 675 209 831 352 238 807 519 495 205 435 787 994
894 250 919 372 231 153 423 569 202 374 983 305 421 207 134 789
17 254 517 782 437 702 610 511 224 