569 710 529 316 430 617 677 673 95 805 961 454 886 277 239 473
126 574 660 437 416 731 478 976 166 452 541 520 17 123 638 633
748 366 463 503 320 244 733 273 494 804 864 530 816 451 272 163
872 10 435 936 901 374 408 756 648 289 121 515 183 431 157 21
837 869 676 26 517 72 601 558 899 371 744 723 605 568 245 354
792 913 285 87 866 655 169 712 549 919 788 242 135 951 324 176
120 147 940 687 590 931 560 833 236 190 150 611 562 740 110 309
641 336 640 284 425 217 828 761 189 532 613 456 884 952 279 30
727 836 294 783 447 823 77 556 653 596 649 586 376 667 973 322
329 960 725 317 923 212 488 186 703 855 232 153 971 946 462 128
538 330 141 928 921 351 604 996 282 443 542 326 54 912 939 819
859 