185 129 76 476 831 959 808 663 79 309 418 942 283 839 760 910
290 947 853 316 789 181 296 510 61 862 940 528 601 682 632 723
981 753 42 660 349 705 115 636 869 318 855 990 351 48 804 611
809 35 764 953 826 906 638 78 759 816 552 665 897 534 572 66
37 934 281 127 667 304 171 670 144 180 163 67 861 136 266 170
650 736 765 674 883 873 954 618 979 112 133 900 994 786 49 449
214 438 888 350 378 389 505 104 292 189 89 230 138 453 58 153
678 939 123 821 463 537 752 894 790 634 279 221 241 494 435 225
989 824 749 878 247 554 819 12 995 344 643 311 11 946 901 880
758 413 179 639 702 259 770 487 222 423 492 295 887 30 193 911
329 433 245 271 737 248 191 834 187 111 254 549 748 20 545 762
162 96 807 668 864 