749 768 916 615 268 526 878 96 304 972 570 445 443 965 204 386
927 527 56 313 801 16 44 763 337 441 0 124 122 279 436 251 164
719 557 379 120 378 694 957 13 808 415 453 834 81 564 980 900
695 827 35 110 178 800 376 300 171 245 106 631 486 163 723 311
682 374 412 411 260 554 212 646 172 959 334 795 659 319 361 690
796 229 842 396 281 536 890 887 991 515 481 155 989 399 744 601
149 266 926 82 839 988 134 888 941 928 177 672 41 869 870 792
113 858 191 487 454 803 853 545 336 46 619 962 1 314 568 435
226 406 658 603 576 442 944 258 978 214 777 316 734 849 626 169
317 485 352 867 632 731 930 270 190 404 616 820 22 452 647 80
326 627 127 947 199 904 638 227 161 489 182 691 464 310 235 432
247 579 101 275 894 176 383 728 528 10 