910 612 17 618 282 875 661 762 24 779 358 477 145 89 556 544
419 624 648 997 227 748 835 390 513 123 952 205 166 154 211 44
774 18 903 615 101 930 296 625 982 408 15 656 200 146 193 751
783 801 210 262 653 607 487 198 560 367 13 918 238 475 98 93
432 161 732 63 872 532 786 924 866 137 65 371 900 300 243 942
214 586 28 770 912 117 176 450 258 889 670 1 613 149 970 669
902 297 12 695 820 138 713 587 849 451 905 440 293 640 857 433
20 565 601 283 792 950 250 474 622 96 218 343 714 426 936 278
150 153 241 462 381 683 605 917 712 35 641 46 908 823 140 156
743 132 749 824 83 275 239 30 425 797 928 874 834 996 50 806
616 311 357 86 9 677 265 134 603 27 609 106 116 499 869 234 298
925 5 219 409 456 317 42 987 110 369 417 195 338 301 826 204
254 664 170 886 