192 81 154 466 944 759 71 340 122 917 709 772 132 620 164 148
839 117 4 898 630 193 422 263 678 906 223 681 305 589 399 695
78 28 93 72 501 393 359 228 110 400 576 959 789 276 397 591 606
146 208 37 697 624 572 549 997 950 410 679 106 551 333 84 58
734 575 786 186 721 552 85 165 271 343 567 382 289 600 21 104
3 294 190 425 316 985 869 338 264 707 559 764 279 554 478 44
538 563 965 121 958 486 543 513 120 921 185 125 810 886 998 119
195 268 558 913 987 498 156 456 506 738 143 579 924 732 207 251
774 736 817 479 655 243 518 413 648 418 779 548 744 540 686 31
257 658 88 144 990 309 713 12 138 421 837 442 553 929 988 162
