690 878 832 493 145 273 199 2 499 953 303 627 211 186 896 20
68 130 775 107 412 515 971 387 721 765 703 77 830 749 154 726
12 174 986 938 251 202 898 26 275 175 101 320 711 642 195 916
717 670 701 914 571 31 611 83 514 718 475 817 471 685 40 453
660 704 800 952 564 192 672 625 763 865 479 956 770 512 281 226
989 870 944 458 844 596 793 662 567 574 419 618 790 705 121 732
771 424 440 400 602 405 208 173 508 969 747 586 924 592 351 443
162 302 30 90 576 391 274 413 374 258 937 188 170 599 125 396
691 891 943 902 241 298 247 29 417 128 74 909 462 34 338 390
43 523 998 820 506 87 328 531 427 492 359 941 736 982 624 490
520 331 157 698 788 307 906 929 81 284 544 867 393 197 643 810
59 773 488 316 687 554 917 472 381 829 377 214 786 178 669 449
