178 97 296 575 475 503 661 433 394 100 529 521 610 901 46 14
57 11 352 228 919 6 555 590 149 459 942 45 690 257 850 48 201
235 520 545 804 157 2 959 447 386 373 861 886 823 794 838 496
754 131 784 414 600 906 252 304 410 129 138 207 670 561 714 875
351 130 109 91 727 883 75 113 793 935 416 871 628 423 694 976
310 792 140 701 124 842 605 640 406 514 594 760 119 370 458 23
811 121 939 135 951 567 387 953 762 167 741 739 786 383 833 441
291 536 30 376 261 645 451 955 704 122 342 463 250 12 745 616
128 32 266 71 385 972 493 925 620 73 773 132 1 695 90 841 150
588 987 332 265 400 403 580 554 923 940 144 470 241 868 726 293
876 809 880 153 679 495 323 478 29 69 104 769 285 274 738 19
502 136 