415 813 9 196 182 49 700 573 585 80 587 150 882 466 366 283 845
15 932 56 344 815 948 959 147 71 599 609 398 274 526 122 161
30 432 889 584 778 514 536 224 867 715 864 487 306 74 651 506
776 777 223 644 452 876 7 201 401 217 974 720 522 939 365 190
636 995 28 956 90 316 226 552 793 694 762 142 975 812 418 747
455 968 128 404 708 458 653 180 381 420 574 53 741 77 326 307
684 54 480 35 569 222 235 673 382 335 484 751 241 927 167 189
205 380 32 225 76 613 120 570 376 441 679 949 276 492 529 577
343 792 730 293 371 895 136 206 530 408 333 831 119 782 952 429
148 665 131 157 367 459 844 464 719 40 107 993 284 368 26 275
855 340 470 65 250 714 311 822 869 493 468 75 260 251 349 318
593 