479 161 894 361 457 277 87 486 499 416 153 712 649 422 331 858
914 520 992 521 262 682 875 265 733 69 409 236 126 341 336 832
7 701 146 183 555 946 502 113 859 190 589 862 653 216 753 77
979 659 177 202 323 417 139 906 199 722 399 942 827 822 358 16
182 777 91 308 230 896 13 21 596 272 25 44 805 645 737 803 869
707 260 51 115 759 700 754 390 180 897 348 887 433 34 936 491
450 367 526 363 667 329 198 888 584 530 131 130 414 909 297 660
736 98 405 860 78 517 186 779 368 688 552 544 571 291 215 787
531 560 475 467 438 582 983 170 254 630 135 973 632 459 72 9
14 547 263 563 355 56 188 95 30 0 449 738 271 283 328 587 210
691 579 59 11 22 37 601 912 359 986 995 982 572 350 908 993 515
561 