245 808 171 121 290 127 12 888 871 271 850 739 154 548 97 252
783 536 899 628 155 657 777 542 142 52 856 714 660 775 705 826
703 88 529 345 90 226 305 489 946 354 318 316 367 539 978 442
914 197 735 329 169 181 186 708 843 74 406 162 519 358 349 126
600 249 925 610 728 419 677 713 231 102 355 678 425 683 787 599
268 157 806 347 272 363 776 118 30 10 546 579 59 407 60 553 472
630 27 690 131 128 624 94 608 95 364 306 124 408 763 964 626
134 130 39 551 81 483 557 524 338 498 951 21 780 454 711 502
335 292 75 343 991 195 200 593 658 875 583 894 441 296 538 541
581 270 129 183 103 863 319 904 233 216 931 692 344 919 676 693
228 273 110 801 235 243 264 