764 611 534 330 679 699 492 6 58 691 134 358 766 657 394 637
823 119 141 711 21 997 40 964 272 784 564 380 952 162 826 835
801 292 880 482 245 327 873 647 436 484 193 409 202 106 236 188
418 598 499 503 264 532 53 674 124 567 231 635 64 980 210 614
523 662 473 369 727 530 293 35 753 852 290 100 990 166 906 919
838 163 276 69 511 879 528 607 375 257 234 676 82 617 844 580
655 299 506 601 779 963 689 219 724 399 480 642 39 736 112 599
34 695 875 931 360 376 442 212 623 103 551 805 600 546 342 656
619 470 384 57 566 357 458 659 368 845 706 828 806 453 539 80
472 278 449 887 666 324 295 151 871 313 197 366 905 616 351 641
587 739 520 588 86 942 715 20 749 527 279 121 489 909 309 959
807 150 702 951 636 610 757 258 678 75 301 203 746 149 597 561
829 649 707 945 652 311 367 589 948 24 960 