929 602 506 427 717 867 748 861 655 395 508 785 623 277 133 4
347 20 90 853 413 473 916 21 36 876 394 604 224 975 397 977 882
432 618 63 142 282 353 161 753 85 26 163 148 205 223 769 860
726 660 64 437 43 402 999 926 872 688 342 531 762 993 772 808
917 286 636 101 217 121 923 606 673 47 766 646 845 756 226 180
830 125 665 154 927 781 509 269 572 203 948 485 677 78 686 93
471 517 48 234 57 458 279 417 462 952 710 550 962 440 239 476
429 691 941 501 19 967 318 827 704 298 548 676 280 357 831 866
74 591 937 227 195 25 843 259 711 412 331 499 59 287 9 104 81
452 246 740 484 707 103 389 119 361 109 377 359 145 50 284 788
502 204 