272 227 816 915 230 523 895 603 900 896 251 507 313 131 451 278
804 780 680 149 165 363 870 942 212 713 948 549 810 519 678 565
152 973 191 560 801 642 90 492 769 874 514 878 211 127 449 898
557 386 817 729 908 982 53 912 120 863 184 79 975 547 174 601
440 661 219 260 205 824 674 154 630 913 252 400 717 753 159 24
955 164 104 527 573 158 480 194 843 844 950 865 116 421 15 958
382 141 783 301 540 669 324 456 296 202 106 712 823 970 921 595
209 295 74 162 650 0 972 965 998 917 316 366 568 181 736 829
85 68 461 99 606 599 372 985 831 101 820 775 22 872 377 113 7
284 285 529 182 387 633 605 582 223 472 35 486 615 513 422 446
287 987 234 397 905 94 269 450 721 812 946 359 992 38 608 83
37 169 864 