420 260 299 164 670 128 71 22 192 593 900 496 663 339 847 697
135 245 268 557 368 623 521 398 730 157 184 927 702 93 963 293
482 67 455 116 225 789 474 705 200 187 284 279 736 31 165 32
639 354 589 800 330 197 994 892 306 840 454 321 446 160 39 444
126 570 466 682 712 871 422 26 23 629 181 19 646 673 203 617
241 748 541 979 435 393 649 574 525 936 457 869 80 597 411 731
831 342 735 152 693 315 41 684 359 129 18 134 749 554 547 648
543 167 77 10 207 118 148 388 619 865 369 498 158 99 694 870
2 370 650 286 948 678 699 509 939 766 486 191 257 353 478 252
786 223 947 917 511 640 316 499 317 62 657 219 15 262 409 989
112 512 793 964 938 539 667 686 469 57 594 46 839 987 585 815
633 709 745 292 540 878 894 261 278 335 9 107 189 977 55 881
513 700 725 810 348 68 244 397 