173 958 330 423 643 267 440 685 415 57 282 676 291 296 374 768
74 559 572 675 lovebugs 893 832 703 367 700 357 612 562 320 128
382 43 866 522 674 269 220 168 229 530 196 770 61 371 17 915
490 439 90 249 734 854 971 740 749 573 537 204 194 257 666 146
518 396 597 78 245 285 162 171 reintegrating 873 238 55 363 138
403 19 195 897 772 179 548 463 207 498 789 465 242 813 909 611
750 237 536 775 103 963 773 705 397 268 334 946 449 609 203 150
823 541 510 803 582 310 340 633 427 immorally 387 312 594 111
84 76 392 962 329 617 563 362 732 913 795 776 839 805 67 769
499 239 731 680 639 574 351 354 547 145 697 418 391 989 46 670
91 227 818 399 516 8 588 648 40 995 