740 502 75 128 236 663 388 324 311 169 690 688 520 272 685 471
998 287 629 258 103 395 468 44 305 636 733 769 924 196 252 213
81 542 205 384 867 45 93 791 897 56 579 810 621 431 5 615 708
319 639 683 825 916 889 918 224 280 986 374 777 794 33 491 420
314 687 906 627 454 723 887 731 63 283 271 714 54 68 943 341
313 500 49 710 340 735 486 263 815 262 96 445 217 227 765 812
497 944 599 331 952 310 818 495 872 389 550 638 719 785 411 549
796 338 182 270 576 633 288 568 614 759 607 890 524 239 285 674
841 494 805 660 191 921 215 362 13 747 247 655 953 602 782 738
477 446 161 920 295 592 807 401 505 328 480 16 993 144 886 121
97 600 15 275 960 560 726 650 672 788 39 156 826 997 334 400
92 492 304 834 720 761 197 