388 599 890 527 324 766 183 780 390 770 167 623 87 419 839 149
135 954 704 719 270 977 323 22 594 728 392 636 79 596 948 415
971 177 227 221 43 575 304 830 868 222 677 856 191 117 550 946
665 307 745 212 518 851 634 639 73 850 287 347 913 763 51 399
245 580 154 35 792 246 12 368 603 36 357 562 951 662 314 661
126 302 454 748 734 500 259 551 742 921 53 282 145 697 635 33
880 104 815 958 975 263 96 646 842 44 929 794 148 382 916 933
522 980 536 607 3 235 150 510 625 682 902 265 410 82 747 869
784 371 621 718 205 322 379 542 881 241 13 86 315 316 209 413
250 467 491 139 208 956 50 629 700 586 269 1 321 906 387 400
490 928 892 796 709 76 859 930 2 924 486 171 477 582 6 405 722
299 93 613 