492 737 262 265 481 447 12 230 268 284 835 988 544 177 565 310
156 290 62 122 510 205 625 647 406 619 537 547 685 404 19 382
527 913 96 181 581 403 494 231 276 589 900 433 371 768 305 785
518 830 559 102 407 719 803 340 946 801 502 421 980 925 443 11
978 708 926 652 486 654 133 124 78 313 60 240 802 197 786 721
974 29 155 300 848 727 39 18 539 928 223 165 33 474 341 183 228
514 302 127 274 394 350 446 116 872 841 88 887 758 912 243 941
412 166 297 859 945 519 282 321 870 662 97 680 345 69 747 182
330 884 903 249 813 288 507 810 41 86 999 225 954 436 901 756
131 867 944 138 48 650 418 823 805 775 434 385 610 700 526 448
833 742 200 631 972 395 171 496 