678 543 790 829 78 394 934 400 564 996 672 418 789 973 398 915
371 776 333 483 22 69 405 319 994 459 680 226 516 192 482 833
404 906 345 723 331 881 650 849 959 323 290 180 618 988 196 85
696 470 16 799 222 150 388 480 734 786 718 200 666 137 867 558
409 395 818 272 440 44 931 731 110 202 953 437 20 667 307 491
289 677 32 219 910 177 545 642 64 747 138 784 119 79 407 287
865 524 0 951 905 416 460 275 702 517 628 649 133 355 644 89
907 514 583 488 343 448 507 413 562 261 17 945 372 208 153 442
39 318 792 397 720 528 335 340 918 373 588 850 283 122 984 779
423 241 620 736 317 118 921 816 975 187 411 24 952 894 450 117
392 805 591 160 224 306 243 211 126 443 563 681 389 737 132 285
6 837 269 