104 384 315 809 557 444 328 683 170 927 505 313 201 463 934 974
932 965 535 198 946 66 253 140 723 255 40 297 141 747 56 298
233 464 645 156 252 560 979 608 178 504 707 450 237 426 397 815
230 644 131 522 497 469 729 177 883 337 631 157 942 389 516 835
697 152 651 342 793 741 460 688 655 90 638 225 544 795 24 779
826 670 475 204 993 550 901 578 93 467 23 675 371 884 341 863
355 160 664 274 620 976 197 181 907 966 4 628 412 637 290 737
427 530 584 956 310 378 451 743 68 226 874 987 814 512 406 58
875 943 373 265 597 820 408 1 866 715 263 817 399 938 477 719
72 661 660 846 755 191 658 28 554 687 677 662 400 316 370 48
696 945 750 616 276 524 502 898 873 95 403 180 258 289 46 832
266 718 318 953 569 951 18 591 162 441 525 724 876 706 193 915
195 