454 726 704 193 156 861 556 373 184 494 250 584 33 477 54 972
803 411 22 862 958 263 538 828 702 768 727 836 240 959 970 73
144 650 718 949 562 127 248 773 26 684 559 427 291 475 896 725
125 635 878 678 873 788 712 59 674 417 183 222 451 186 561 586
375 200 192 588 506 196 986 740 814 137 306 573 360 579 242 792
103 841 654 807 467 831 572 356 274 466 920 591 672 535 0 582
519 413 298 107 833 303 910 892 522 863 271 430 304 510 774 399
442 210 514 992 497 218 696 590 209 516 793 369 421 201 687 633
699 640 3 105 944 347 790 671 51 568 714 290 262 677 921 318
437 857 631 913 577 57 930 32 249 526 14 406 181 806 996 967
61 811 464 902 405 154 120 215 662 891 758 244 946 226 990 546
267 759 852 67 493 661 