785 717 169 633 607 672 113 249 443 380 391 194 944 738 122 657
932 872 57 500 824 735 557 644 655 488 60 281 739 578 88 554
427 780 188 794 272 308 374 632 473 293 468 454 298 572 360 195
153 300 202 941 312 256 383 118 979 155 601 296 267 585 252 507
91 851 289 131 750 524 947 187 867 22 284 866 743 107 478 328
901 30 135 749 344 784 329 818 185 146 891 8 81 93 327 106 99
539 798 986 838 920 176 119 544 707 923 376 224 142 997 899 170
471 121 581 45 403 685 459 238 689 301 264 479 803 981 56 190
299 159 128 621 709 571 525 813 95 464 49 512 895 144 734 286
574 832 357 94 363 885 958 114 84 417 447 927 366 976 523 922
297 397 413 671 316 116 814 985 827 444 426 151 795 63 54 332
336 496 698 79 708 645 428 485 