727 47 205 751 788 267 417 406 185 241 427 814 824 356 72 799
886 16 31 23 69 590 181 535 410 537 625 364 736 321 859 9 586
375 912 298 183 26 411 738 794 79 684 786 698 680 463 481 476
654 18 402 83 702 882 439 866 950 516 208 655 943 787 349 737
954 958 101 935 754 649 608 347 143 659 661 765 19 130 895 775
589 699 240 461 938 336 620 904 509 152 222 56 28 777 631 673
58 202 914 157 131 746 36 563 823 350 601 80 242 583 372 14 507
467 648 346 483 362 147 827 633 528 54 281 747 398 913 386 27
391 580 265 70 784 432 190 588 363 584 891 707 93 696 587 592
218 142 806 228 11 390 559 135 49 989 949 834 645 983 713 921
374 494 705 718 401 903 826 872 194 221 327 497 848 768 690 