885 361 711 543 71 327 533 106 935 350 464 958 996 614 9 427
101 290 504 582 597 807 655 717 872 420 926 641 393 450 22 849
208 815 774 552 570 57 828 282 482 622 202 522 415 396 188 302
490 566 752 925 324 576 172 426 974 855 727 684 985 899 692 977
521 147 639 629 135 572 138 475 269 893 83 404 789 947 174 610
8 466 864 336 679 848 773 136 126 250 846 292 897 613 952 337
693 118 765 232 36 128 660 515 800 382 617 854 154 3 186 816
993 741 917 503 345 647 834 58 549 351 619 700 616 258 99 523
667 362 676 317 373 353 212 500 594 645 478 989 178 611 120 586
863 480 233 803 197 134 281 155 922 512 678 430 297 364 74 966
915 242 111 492 565 689 699 860 76 100 434 640 683 401 862 43
791 300 508 369 103 723 720 520 982 156 499 714 928 469 12 412
303 870 654 642 876 66 273 443 349 486 