523 161 751 188 194 750 81 9 417 610 921 95 335 338 985 209 730
702 115 599 697 298 813 787 834 823 920 776 120 54 270 577 180
516 587 260 318 952 386 28 504 192 642 487 231 203 808 418 699
26 675 756 997 673 552 923 977 945 181 603 547 513 250 734 421
174 362 683 896 496 99 639 604 933 122 352 790 748 638 123 824
863 409 468 927 942 761 153 897 827 393 785 538 56 879 2 459
517 125 499 491 405 907 820 987 556 528 853 874 1 223 844 932
841 665 277 512 914 877 472 79 600 195 707 135 329 643 64 652
88 489 476 133 767 572 622 175 311 953 710 861 453 928 94 913
498 654 602 635 470 797 375 759 484 668 350 728 956 87 998 553
477 916 119 22 227 817 372 940 