27 804 706 931 81 72 858 223 548 750 212 731 435 895 522 907
104 265 513 563 119 331 409 258 937 991 415 782 811 843 425 853
157 856 441 918 469 899 775 120 629 427 184 319 179 830 123 837
326 590 955 310 825 912 159 562 273 448 916 347 305 549 869 474
289 433 321 989 266 214 272 186 647 262 986 835 997 786 839 981
210 373 532 246 464 100 349 61 572 337 392 417 182 374 487 747
187 954 408 201 555 565 177 8 267 57 795 56 777 51 301 34 89
855 582 135 625 58 47 974 688 365 820 601 956 704 458 845 623
540 42 165 618 806 947 797 768 478 112 755 851 421 29 736 867
176 99 605 711 377 646 139 626 871 342 114 38 110 124 181 588
160 304 962 11 41 884 20 803 199 64 870 872 228 796 33 253 15
960 844 865 526 62 984 714 147 879 54 93 468 744 348 141 547
