304 573 266 492 744 635 408 611 905 722 88 950 746 927 593 696
942 166 549 229 678 250 679 817 499 220 520 587 261 831 775 533
348 808 100 595 371 885 99 657 164 359 202 103 427 483 54 246
613 849 184 624 739 515 193 211 638 107 760 548 225 898 176 893
997 222 379 925 497 601 750 332 11 620 412 458 179 609 111 104
344 813 851 516 217 565 844 50 986 802 494 70 14 674 194 158
439 347 819 850 421 562 537 175 926 862 702 435 140 262 311 263
56 797 535 17 113 861 214 320 256 354 386 333 403 568 796 554
837 972 399 398 569 519 823 480 518 541 358 969 842 660 524 372
867 544 407 76 902 879 737 227 571 996 880 618 651 276 226 563
438 770 295 437 476 809 221 146 126 309 429 53 834 545 812 339
974 848 540 799 411 253 66 431 800 