240 23 705 586 619 139 299 435 183 571 430 329 459 566 228 136
380 605 834 494 842 440 511 296 639 652 945 6 259 881 461 8 77
826 365 19 600 562 251 866 419 148 264 902 500 49 300 574 57
903 501 753 12 277 911 957 421 851 799 115 172 58 573 791 226
94 677 811 241 570 40 43 491 203 173 814 403 898 159 955 149
706 575 161 481 268 462 334 646 680 415 769 384 690 663 989 407
540 764 238 248 859 73 874 360 720 528 109 990 472 756 645 982
560 719 154 754 746 787 11 773 723 485 664 701 78 829 577 306
307 61 87 467 47 171 927 476 253 974 497 282 988 227 994 567
108 561 373 412 760 931 310 565 998 1 64 916 844 188 267 42 345
54 800 