444 403 641 38 97 188 668 75 302 892 219 782 632 355 411 257
525 780 485 362 871 147 826 875 40 236 221 396 117 246 784 39
134 827 554 163 202 30 74 537 1 556 394 902 334 417 108 616 884
823 238 311 927 506 69 903 212 822 206 343 909 626 674 413 93
109 407 370 960 318 595 456 688 753 286 656 585 855 943 689 699
717 747 329 821 222 887 290 566 85 787 446 367 640 685 148 930
896 481 424 886 266 488 101 416 517 184 980 644 342 203 103 555
804 852 720 272 655 429 916 356 457 107 131 952 159 813 152 736
190 733 722 224 3 314 216 764 205 472 66 542 90 189 292 473 992
170 866 504 245 696 996 192 602 227 737 487 341 486 495 825 412
476 721 214 622 377 