669 4 910 522 996 446 144 777 40 741 854 597 403 80 169 380 849
671 114 980 779 969 68 23 391 189 376 587 551 836 297 959 432
124 736 250 848 987 128 387 468 692 7 388 769 249 86 381 467
589 263 187 615 436 463 314 170 853 36 485 942 897 984 997 630
772 105 916 190 828 735 258 281 655 103 512 994 643 42 606 622
765 796 275 840 24 616 635 909 698 951 220 319 328 647 514 523
16 780 746 390 178 422 714 621 327 442 420 51 207 548 471 453
596 402 61 308 488 625 860 21 988 528 762 219 56 484 96 605 688
143 322 482 592 823 931 690 29 157 773 85 529 664 329 749 562
533 445 462 127 99 325 98 341 738 536 335 930 908 654 957 539
716 112 324 41 789 239 638 543 493 431 537 87 367 998 206 317
