504 379 756 715 957 833 951 933 791 265 388 515 817 573 903 887
145 841 113 507 757 167 670 27 979 993 178 237 146 610 624 487
325 526 561 179 72 804 52 22 864 430 792 752 805 275 342 285
104 681 565 404 150 558 203 686 716 722 63 630 612 700 952 975
209 904 534 929 539 460 860 774 279 46 13 116 406 240 357 393
517 754 377 290 662 723 416 258 665 727 984 961 24 294 165 699
68 14 942 780 548 977 712 21 18 109 798 286 689 557 131 29 276
57 313 0 666 129 170 88 458 547 408 83 316 695 575 608 45 161
823 80 901 769 995 560 405 881 188 835 423 261 885 744 344 740
523 706 829 905 187 966 249 918 585 253 584 311 467 333 403 546
808 946 229 370 556 337 735 447 461 346 248 374 869 321 201 509
790 