829 398 223 446 602 883 564 615 10 802 447 479 371 403 32 569
678 484 452 455 507 148 771 436 670 141 208 242 536 363 719 636
468 740 56 610 913 819 241 476 258 66 714 963 584 543 450 494
12 659 730 936 113 499 585 866 239 88 574 463 414 784 545 635
766 562 5 943 815 283 369 736 70 269 212 948 121 735 836 153
1 750 568 482 192 325 521 201 998 123 928 529 472 304 605 185
43 111 834 380 864 98 846 701 471 817 842 858 395 905 417 739
204 19 431 284 958 603 988 464 184 920 962 820 789 485 35 25
996 470 965 173 309 231 404 41 194 874 237 235 734 99 249 396
705 76 252 407 448 661 248 999 213 573 501 387 732 975 702 848
956 527 232 