219 284 339 345 666 235 708 359 469 606 298 473 564 563 189 969
294 599 902 813 431 270 552 786 912 111 176 763 141 40 508 589
883 489 562 303 13 721 705 173 183 201 581 446 863 733 609 804
88 95 852 93 699 479 322 579 924 859 96 741 82 952 944 22 787
117 881 485 933 274 868 47 331 384 280 81 338 948 476 434 44
51 138 661 770 206 50 456 361 307 856 34 195 861 249 396 909
289 865 269 593 39 982 199 932 580 949 487 496 621 649 961 202
594 803 939 835 148 628 241 475 613 360 627 895 665 465 79 867
324 461 87 846 660 769 423 318 523 275 210 493 46 738 302 325
242 677 27 211 122 435 836 65 323 764 355 830 132 536 950 248
30 845 364 4 574 110 299 620 0 