322 532 425 225 834 789 97 326 853 778 978 279 464 848 586 779
991 720 302 41 941 133 329 400 260 674 851 712 615 470 161 358
108 601 725 758 263 296 370 200 657 213 648 174 595 65 722 883
742 801 610 44 579 339 842 151 152 332 75 215 415 919 321 930
957 611 411 785 856 360 436 42 542 361 530 98 410 970 786 484
190 276 804 807 918 257 381 334 95 546 736 166 525 479 813 236
935 389 83 629 440 435 74 808 205 327 131 776 549 267 913 506
731 491 351 226 825 760 874 300 513 349 754 928 548 198 870 696
227 823 173 135 333 186 272 33 872 4 64 77 250 985 73 341 124
675 946 606 20 612 247 295 240 71 799 324 387 258 687 121 153
344 867 763 118 32 638 653 237 206 703 761 702 604 220 831 223
177 235 492 948 698 0 796 142 545 858 463 486 363 567 573 428
713 868 458 616 38 599 51 859 482 