361 119 218 735 10 76 516 32 910 374 876 653 283 656 392 145
471 845 970 28 156 12 727 8 703 625 74 775 210 674 423 129 877
22 732 363 231 148 108 682 202 415 902 476 405 134 729 585 697
200 81 915 281 827 212 696 427 377 618 509 988 270 562 227 967
786 66 841 543 754 157 291 684 804 175 652 972 767 542 528 253
315 538 144 831 948 337 409 803 734 785 48 446 774 339 46 109
591 25 442 23 440 204 260 321 597 873 891 389 809 577 242 852
329 244 701 534 166 898 853 771 952 450 896 178 741 719 694 311
752 350 955 834 665 900 639 201 878 463 894 241 822 795 922 328
846 393 794 912 68 433 267 124 387 710 791 307 792 598 628 592
271 261 911 326 100 986 