452 503 644 900 528 831 679 760 968 885 351 273 47 639 823 691
878 236 17 511 143 526 952 847 732 628 772 298 583 22 178 883
118 841 281 829 623 730 176 672 620 832 200 362 964 846 10 859
162 658 453 51 208 127 903 592 203 788 656 151 344 855 381 973
579 693 70 875 910 388 232 64 437 230 692 862 5 247 835 257 665
873 129 470 889 334 391 107 854 209 122 974 11 827 516 538 321
226 479 987 304 219 783 172 962 482 234 512 403 934 637 39 383
192 164 982 29 288 853 770 948 238 276 678 794 138 131 420 146
133 150 435 385 733 125 704 986 946 795 159 762 61 402 625 207
575 333 141 89 182 460 469 296 184 504 549 561 206 954 3 290
746 