723 497 165 364 680 199 872 124 696 746 291 256 536 627 963 698
496 918 794 177 865 65 27 715 572 629 114 853 97 234 205 915
785 418 436 265 393 608 901 251 871 708 206 879 362 525 266 271
194 329 903 829 599 701 63 406 48 941 588 148 988 581 637 272
996 646 995 628 146 932 552 149 363 494 233 488 782 962 145 242
835 228 426 699 864 21 558 783 24 492 262 283 355 693 927 912
113 90 200 738 895 15 141 913 668 259 46 441 171 276 811 371
35 634 914 243 606 761 737 401 919 427 309 885 411 440 610 121
358 904 868 390 169 739 42 230 508 763 279 376 867 258 792 578
337 505 480 372 231 476 307 375 295 370 10 222 849 597 617 334
103 439 147 707 800 662 52 174 466 119 89 806 714 438 544 683
400 176 769 382 527 933 799 897 389 760 68 98 817 20 320 