870 652 796 40 777 846 246 500 51 227 972 209 836 72 259 457
48 29 239 462 108 3 814 518 790 956 741 470 597 455 726 801 65
464 296 308 266 989 837 598 274 236 361 126 463 466 821 346 669
540 368 25 402 869 90 150 403 77 141 100 619 490 389 213 963
70 473 824 950 74 257 479 703 516 798 428 263 167 818 913 424
951 163 381 856 334 76 454 292 94 13 304 89 468 653 797 170 418
942 57 4 42 662 817 789 63 201 880 778 312 765 38 252 338 8 158
230 665 443 85 605 187 488 745 650 781 979 502 656 200 129 28
672 926 52 614 783 189 826 584 819 198 514 127 415 908 208 843
440 124 407 569 262 721 86 876 968 600 915 853 557 698 505 432
265 279 882 508 733 958 877 441 864 231 337 980 