346 868 927 50 941 732 873 412 74 315 201 792 434 497 585 752
691 608 916 5 823 703 773 889 863 301 493 648 212 104 416 911
627 705 584 614 974 503 292 730 966 152 810 924 564 353 711 975
59 888 955 205 350 943 756 959 969 468 137 643 778 413 375 47
240 18 409 638 312 991 736 668 929 402 247 610 496 517 316 400
502 709 62 858 573 636 556 458 257 389 511 387 37 634 519 465
51 343 937 617 86 596 537 740 946 761 45 34 372 392 973 513 594
956 831 344 939 232 646 550 454 4 463 880 321 622 274 789 812
222 140 485 720 860 439 304 397 919 116 52 308 628 798 7 541
817 984 298 849 341 36 576 467 281 179 786 751 483 679 141 972
652 827 405 49 287 277 504 462 515 135 695 853 89 261 805 954
767 952 199 183 27 