138 597 386 722 526 83 0 770 565 92 805 1 928 110 236 61 544
298 595 148 702 214 205 444 348 257 489 990 975 216 185 27 705
649 230 279 557 742 394 863 614 291 116 59 34 530 574 267 178
771 930 949 963 168 378 156 220 998 71 387 433 234 199 944 970
339 893 44 669 817 987 778 95 913 255 539 522 829 559 152 450
885 270 418 837 643 887 491 75 958 476 408 502 573 347 568 659
171 546 504 520 628 665 330 312 878 70 912 547 807 495 915 700
293 393 28 918 375 584 96 512 440 240 38 460 880 814 164 578
246 360 373 735 56 2 409 383 310 416 397 215 682 90 737 143 760
324 619 144 670 18 485 579 163 728 130 226 322 806 541 26 830
49 114 243 598 104 792 401 465 658 480 315 20 703 588 804 25
674 966 359 113 896 596 507 548 343 525 380 467 203 457 513 868
873 174 60 850 511 464 785 154 898 