573 999 761 606 901 268 442 927 515 487 689 789 107 657 133 478
821 189 949 878 440 26 549 81 139 881 649 135 888 956 616 417
505 277 810 253 366 704 411 887 849 71 710 120 153 892 266 99
722 403 371 651 976 425 731 522 331 236 799 104 807 507 111 22
198 48 396 905 16 259 904 130 664 716 252 918 156 652 837 19
337 867 603 83 241 363 917 210 35 575 845 183 622 639 62 650
96 450 832 701 520 512 682 707 211 373 907 553 148 533 204 966
275 457 584 276 936 586 547 868 679 465 663 706 944 171 328 365
779 986 476 583 109 561 862 421 778 700 923 208 103 284 75 497
454 642 792 355 41 228 44 344 516 320 753 855 324 188 798 45
391 367 619 332 931 858 674 76 477 405 447 278 613 749 215 433
926 473 345 161 119 668 783 598 