768 188 167 408 986 539 525 547 175 454 51 675 184 665 369 723
416 163 646 450 852 806 69 832 726 385 214 452 145 987 830 84
570 429 340 719 856 903 357 104 211 176 896 68 181 701 311 717
574 441 309 644 199 692 971 162 397 755 101 265 178 290 671 287
625 99 498 379 611 759 593 566 907 43 318 333 56 142 2 368 861
81 258 562 161 239 716 467 919 203 189 714 464 27 862 348 796
143 448 117 185 621 753 312 174 820 45 349 774 12 746 339 958
248 32 137 662 563 591 44 447 393 205 969 313 565 411 870 362
424 882 841 516 750 336 638 879 871 702 545 502 105 966 507 487
657 767 704 847 760 880 304 807 573 558 233 291 920 295 934 173
403 297 465 140 499 991 39 404 629 493 598 672 274 282 122 102
749 668 386 82 315 501 891 414 293 420 25 867 554 