485 43 607 842 449 427 393 67 781 164 117 378 603 291 113 374
455 823 253 93 653 684 490 695 973 686 321 795 110 270 296 430
452 721 320 86 710 784 644 276 894 761 999 453 173 8 904 580
931 884 535 101 572 208 405 353 597 573 661 348 285 221 335 63
521 500 54 570 469 828 342 590 154 705 295 601 227 131 848 755
419 432 396 330 773 85 547 465 108 417 563 260 282 435 232 24
525 307 80 508 301 998 395 872 985 922 859 766 323 645 683 79
967 442 143 584 88 111 26 621 935 523 891 390 585 934 288 199
424 133 680 581 345 826 170 106 124 928 875 769 223 920 493 333
389 354 977 799 7 867 899 594 116 537 334 646 592 630 91 946
889 146 425 443 360 744 802 310 913 214 676 690 182 446 845 244
907 550 268 798 369 609 290 830 364 930 565 302 731 728 939 169
637 6 156 187 520 339 660 758 