110 202 562 781 892 266 914 268 977 633 355 6 25 99 573 429 190
952 877 630 106 487 492 797 3 215 866 515 836 105 631 627 756
357 57 140 545 182 996 648 117 227 100 152 686 444 237 973 823
906 267 303 746 864 811 194 747 551 258 319 769 912 391 270 696
288 911 640 468 18 233 2 178 378 66 149 981 452 10 499 343 601
884 735 341 842 660 360 635 593 276 451 697 862 163 301 290 875
381 654 700 131 982 417 661 794 495 135 186 945 174 224 844 328
809 739 583 82 38 484 537 242 590 784 133 921 563 311 136 419
469 993 676 691 552 172 899 437 883 344 851 853 850 478 518 144
587 96 404 586 431 433 576 629 741 193 61 779 54 466 49 667 816
880 415 324 439 698 677 348 852 507 943 390 566 931 525 128 557
369 786 569 241 717 313 856 535 62 75 108 354 679 506 974 665
383 623 426 26 