667 909 614 462 278 86 342 438 423 329 933 817 779 165 460 886
977 414 186 577 129 511 468 377 349 328 340 144 770 28 927 805
392 136 810 314 396 481 32 397 254 2 302 737 269 919 537 618
458 216 672 811 569 7 432 26 177 435 132 932 621 993 486 562
854 173 568 229 675 844 549 497 891 825 504 235 391 877 191 298
976 272 756 388 207 303 453 892 498 923 30 111 358 33 979 101
338 8 114 170 875 166 118 766 546 922 94 339 662 279 719 846
899 912 201 747 668 636 382 743 878 154 822 412 758 73 49 379
794 586 826 812 501 925 917 441 707 950 365 13 241 355 698 940
680 322 513 390 757 652 594 889 310 354 335 515 895 741 930 360
520 469 573 964 334 29 532 292 565 654 250 430 318 799 957 204
402 714 85 954 593 790 545 657 11 89 