553 834 710 277 302 201 634 203 831 94 749 925 177 673 781 190
149 934 326 838 717 405 832 988 680 107 821 194 954 402 269 213
901 161 129 741 585 719 869 232 962 642 178 338 187 168 563 757
564 940 765 69 62 163 706 121 519 329 82 713 837 276 743 540
913 399 292 771 905 384 480 79 17 815 367 260 656 393 21 33 849
241 520 47 162 479 787 711 644 496 803 43 40 358 189 636 631
315 412 100 702 829 843 438 66 487 404 903 615 595 948 195 169
547 247 76 170 354 396 991 570 543 32 565 824 836 733 347 795
191 661 587 562 655 998 645 808 786 854 791 789 535 801 273 36
881 299 268 511 983 181 250 14 9 296 507 944 990 56 96 833 373
72 814 230 537 497 961 403 332 48 