545 659 676 144 252 716 828 369 238 556 993 396 263 540 223 705
782 947 736 47 276 318 86 679 919 877 394 194 548 332 54 618
888 458 669 958 918 529 975 600 793 873 667 855 480 505 407 751
201 499 108 130 680 466 342 905 99 612 226 970 703 723 377 518
67 900 946 244 117 514 582 595 696 388 673 614 837 762 384 138
245 683 316 441 534 525 846 416 527 739 590 592 77 829 489 791
630 865 41 826 555 526 104 602 883 576 219 636 83 663 143 460
299 726 834 73 199 415 666 719 277 284 358 495 998 89 419 179
799 421 733 657 732 747 211 431 173 148 707 326 225 907 818 107
515 341 125 282 375 96 42 440 922 273 588 781 749 504 391 142
28 423 995 329 467 281 300 2 849 68 301 549 288 243 337 866 734
65 132 317 296 569 427 