318 776 822 342 401 979 34 619 5 533 492 642 582 24 935 993 313
825 477 592 15 975 507 407 828 961 664 944 36 587 151 630 605
877 932 2 846 374 532 205 505 895 541 615 774 427 972 986 440
746 914 698 536 721 789 688 909 276 290 335 274 266 694 354 351
693 900 623 482 509 114 769 113 82 210 110 616 578 63 130 348
491 207 939 691 712 404 369 198 792 952 488 87 919 111 146 203
885 9 610 163 537 980 618 468 389 327 69 165 191 775 99 262 90
419 359 528 920 352 844 218 918 4 353 204 384 187 155 915 876
303 176 512 40 861 458 871 899 164 954 884 269 499 778 529 627
598 632 515 319 343 172 606 128 732 410 526 806 571 219 62 669
864 364 241 620 333 242 11 810 951 921 392 565 539 741 514 257
690 255 591 862 330 631 394 429 971 794 144 521 851 44 162 279
906 495 17 78 