431 829 161 989 304 250 636 260 711 186 158 25 725 537 67 881
176 561 410 842 136 448 267 486 238 96 408 185 910 625 994 495
388 315 892 251 740 570 190 714 748 7 815 259 333 439 602 348
88 122 619 401 839 848 26 233 326 717 215 248 617 74 859 965
535 419 427 102 165 285 455 607 976 548 364 292 604 515 210 836
28 661 532 147 983 779 203 411 264 738 124 588 413 518 324 94
230 191 282 398 935 889 882 600 330 293 374 920 386 178 609 171
170 592 162 791 986 23 855 834 446 81 776 284 503 400 166 755
355 432 447 689 453 680 696 109 268 970 702 653 594 79 77 51
153 912 6 663 846 956 138 83 405 17 789 803 335 89 809 485 4
818 825 761 660 645 674 691 476 973 217 173 840 724 710 540 209
630 900 608 671 244 741 746 633 311 623 573 562 222 3 435 444
261 950 580 372 828 