785 763 146 41 772 940 56 726 295 103 145 178 59 267 205 109
80 993 680 298 467 381 127 651 454 121 352 617 355 258 311 314
971 300 486 142 327 898 452 768 664 727 812 196 738 197 590 639
6 703 810 426 506 527 159 318 725 75 235 769 386 365 392 661
560 113 444 411 901 345 941 669 797 773 162 54 588 188 836 390
270 688 102 410 388 414 204 793 843 419 207 615 571 556 572 115
404 62 187 370 846 135 997 125 409 585 989 752 107 71 394 633
712 896 683 169 476 389 535 459 85 340 926 182 520 771 120 70
273 408 72 339 124 827 479 255 765 429 963 737 938 872 622 968
721 208 984 83 342 863 565 910 708 397 21 948 522 505 803 967
150 840 509 