272 481 585 472 687 176 299 746 477 713 557 807 516 258 190 264
429 603 982 182 545 597 138 93 986 688 411 851 504 767 146 13
690 720 438 458 991 764 825 332 591 857 791 118 649 880 937 231
219 281 85 681 463 348 835 64 106 285 75 985 41 522 396 170 132
860 617 832 787 953 94 84 446 613 595 571 156 562 60 879 184
612 932 343 745 920 350 829 294 63 626 246 599 172 187 250 846
513 892 102 124 157 628 708 295 607 459 499 872 728 87 228 229
321 817 723 95 313 660 526 647 684 878 765 493 739 705 269 302
615 548 32 112 40 636 312 641 624 775 234 129 497 799 92 816
101 891 855 514 185 544 610 292 929 58 949 142 990 971 442 2
924 813 451 338 470 512 430 870 