543 116 586 302 646 962 883 32 912 802 469 684 935 728 595 402
311 562 632 979 574 179 810 689 35 154 994 114 142 863 901 606
388 804 162 829 2 923 214 776 583 943 248 176 599 675 127 4 447
187 751 463 65 268 342 797 937 177 294 771 628 571 185 640 232
491 403 233 74 596 40 389 466 995 169 237 115 840 511 803 588
393 329 898 658 461 921 406 743 733 721 263 443 707 429 355 704
897 11 619 492 778 529 140 514 408 546 385 136 160 141 322 91
211 617 517 695 631 207 765 473 793 980 416 309 563 378 852 785
963 273 131 673 203 49 25 853 649 660 482 610 382 338 442 711
259 262 488 31 376 971 204 196 805 128 161 623 864 665 446 261
845 519 88 597 792 916 21 400 593 244 968 808 725 580 748 991
740 296 815 452 95 590 762 153 832 425 335 738 869 697 693 831
566 97 219 770 544 307 536 41 