219 241 763 42 698 593 715 684 543 399 610 551 723 889 388 125
910 160 132 701 705 341 944 93 835 331 41 766 383 332 417 843
591 868 644 745 14 156 380 426 432 33 839 578 84 812 929 802
764 597 677 102 732 842 354 449 678 237 9 617 253 55 171 435
510 27 169 345 236 371 508 526 496 687 813 657 921 400 65 784
773 463 580 83 373 922 997 264 964 598 120 5 58 12 570 259 244
497 51 933 905 941 822 77 64 361 418 24 829 978 187 504 439 816
672 133 284 35 450 666 847 303 608 586 867 100 451 268 691 249
214 148 107 287 845 164 445 280 314 663 479 690 461 199 7 115
960 571 927 350 785 130 313 32 519 747 62 360 128 310 356 254
205 973 837 683 651 908 493 239 229 759 547 