236 897 524 327 797 217 307 657 622 751 902 996 965 61 210 538
182 101 611 163 517 664 937 653 766 127 505 500 330 891 376 269
491 373 74 914 178 560 319 876 733 685 940 342 461 83 473 820
612 256 671 908 587 993 490 788 823 254 606 700 42 776 169 426
741 311 5 471 123 703 732 301 859 43 346 562 248 438 633 734
646 793 727 739 417 159 253 238 211 233 866 57 293 602 749 758
371 273 728 329 582 523 246 873 156 537 427 584 201 247 922 598
864 421 615 321 796 786 520 188 535 842 160 68 200 138 573 890
593 780 950 504 837 998 532 262 221 731 382 64 206 408 17 14
625 465 712 931 574 794 903 614 296 207 628 41 921 853 762 821
305 805 929 702 649 618 204 652 284 858 280 909 462 334 952 670
568 37 683 389 245 512 668 118 691 357 846 