556 136 707 69 944 906 255 887 716 183 667 86 828 295 161 1 656
614 503 664 254 690 92 649 891 391 895 147 290 181 104 146 37
443 540 98 515 219 816 217 65 433 415 77 388 328 131 995 780
175 797 855 31 230 261 67 626 207 542 694 753 211 432 688 793
658 758 354 529 519 822 41 746 543 564 700 196 560 881 480 71
522 28 508 464 717 641 555 221 691 875 608 960 52 945 270 618
973 919 502 741 695 599 948 770 43 75 869 216 999 133 363 574
252 896 590 745 428 485 811 516 490 111 510 200 790 498 505 704
451 449 970 698 227 661 442 44 477 193 935 841 926 786 929 899
903 750 101 348 708 867 314 558 375 364 298 518 40 99 990 34
275 362 213 387 358 208 782 815 441 153 150 491 66 419 852 921
