172 899 833 529 271 993 525 398 326 35 953 92 977 84 905 320
728 208 373 434 730 518 31 431 879 229 941 810 345 989 105 864
369 299 992 841 940 102 734 949 61 284 827 675 668 704 19 847
145 618 72 821 970 101 363 509 750 16 877 778 165 22 640 965
99 706 759 269 51 543 465 731 727 747 851 846 27 889 911 964
10 749 192 466 316 815 115 174 711 71 568 401 848 94 723 853
866 49 462 443 423 239 215 404 112 491 57 50 553 475 921 541
567 237 505 415 446 33 894 135 826 482 73 521 290 626 863 647
392 558 341 712 537 918 636 224 176 724 781 137 445 732 123 865
584 559 582 789 920 982 831 857 389 743 519 226 148 351 235 357
895 832 923 198 419 576 189 721 106 54 307 726 221 570 152 777
456 937 390 118 219 539 622 64 