857 57 469 125 489 725 249 968 201 893 198 346 987 685 113 850
313 965 602 154 976 144 445 457 616 5 385 93 981 726 182 105
34 655 488 311 246 60 397 636 116 466 714 951 495 467 471 129
279 177 900 289 280 828 53 576 418 534 368 407 808 538 190 933
509 524 384 543 813 309 414 22 288 218 444 33 23 131 842 124
161 696 262 796 575 705 723 37 61 845 140 925 765 420 645 317
99 844 111 689 92 375 729 331 983 456 381 584 517 852 567 269
923 233 463 531 637 526 491 865 433 86 98 905 962 442 889 553
533 665 954 388 949 778 446 26 498 11 326 614 230 706 149 322
646 336 88 781 826 128 501 961 359 994 119 73 292 366 110 486
514 455 362 137 