124 479 307 919 231 807 541 181 586 47 399 405 52 645 389 998
165 929 916 927 289 476 952 117 450 516 664 430 86 147 387 775
173 264 623 790 560 80 825 743 17 812 617 643 708 820 431 660
241 184 546 451 225 421 88 96 963 513 597 206 512 106 417 932
585 819 256 483 567 9 255 64 107 535 813 987 83 555 758 213 474
38 679 754 944 217 316 203 61 566 870 59 111 19 770 685 427 806
766 900 237 781 731 487 131 148 418 353 695 552 577 786 502 11
593 563 964 122 592 326 960 121 718 296 257 943 823 362 464 282
565 166 478 528 780 369 292 298 774 688 143 207 16 400 703 741
904 266 663 357 118 675 3 622 114 830 822 749 782 155 815 561
647 662 801 385 200 733 542 239 