510 832 646 708 319 91 490 488 597 507 137 519 130 535 649 79
245 156 160 376 916 369 750 749 221 51 243 678 125 536 33 50
930 75 919 103 744 111 45 623 76 591 599 504 447 175 727 766
877 668 718 412 204 685 293 558 344 550 90 450 866 928 665 74
403 824 41 723 621 876 674 320 157 356 520 622 144 147 739 976
36 551 776 68 940 229 442 906 367 12 152 538 253 845 629 935
513 375 213 227 650 872 661 199 448 995 292 359 226 188 961 22
537 322 29 660 244 340 89 224 696 478 578 899 473 233 963 962
969 728 364 542 443 890 888 554 654 477 972 138 264 742 83 52
342 596 764 630 852 871 880 260 399 523 383 934 656 297 231 267
197 563 321 677 93 958 603 994 817 172 556 182 859 712 433 358
446 314 746 276 705 31 400 673 669 195 702 580 767 484 310 907
572 840 694 965 298 324 730 325 81 564 