801 332 329 441 806 715 371 982 686 135 466 271 971 598 22 649
381 238 430 930 700 301 170 149 180 152 716 925 886 842 153 710
395 571 63 485 678 175 601 311 607 812 566 534 343 667 559 327
897 948 94 570 281 583 974 410 889 909 599 136 828 418 19 595
514 519 582 784 120 264 398 756 786 941 680 906 468 712 752 850
18 984 167 221 560 76 481 717 411 372 979 698 825 383 265 951
303 233 109 587 308 267 706 772 747 541 227 29 792 546 338 475
192 108 374 618 159 866 40 157 482 353 740 575 242 455 211 234
973 818 122 129 254 794 549 318 954 225 722 807 613 788 683 46
182 728 556 733 703 914 12 704 688 74 879 969 905 142 732 896
212 734 