518 922 70 700 567 681 537 290 522 593 574 13 835 152 766 310
529 33 511 642 71 916 326 812 353 130 536 969 159 225 228 931
427 282 744 818 180 632 852 530 980 402 406 821 233 601 457 585
615 995 832 413 636 166 11 997 473 194 609 124 445 350 323 334
50 594 506 435 131 706 973 645 674 651 412 99 293 276 883 643
36 685 533 126 565 675 897 397 614 624 21 909 172 544 746 569
1 483 738 258 667 308 702 936 644 5 670 740 803 535 411 815 407
149 100 641 476 906 553 539 51 928 934 538 805 869 759 336 874
348 337 663 689 889 164 331 459 678 143 486 161 597 752 398 730
198 696 710 745 568 809 795 891 272 932 346 654 711 520 415 378
247 92 722 317 