941 105 530 39 694 887 927 644 491 0 554 457 648 804 68 221 235
52 65 542 906 502 456 691 596 845 615 373 922 300 299 832 121
506 177 231 775 351 670 880 961 396 425 673 407 472 305 978 940
523 875 844 257 420 625 12 972 712 637 241 908 102 266 279 108
954 290 958 732 630 153 903 924 782 984 202 161 414 504 806 791
735 99 226 295 724 765 552 216 306 763 406 400 238 190 164 640
438 146 126 167 545 353 386 429 651 809 243 741 579 285 951 272
818 350 337 860 344 467 519 728 697 920 558 293 87 816 270 474
82 574 397 206 953 149 312 553 365 383 70 439 471 25 977 638
778 929 428 424 309 368 263 901 946 503 841 969 657 588 86 891
