322 688 712 711 124 120 262 182 928 142 694 670 143 590 421 139
640 895 662 331 606 352 647 212 771 638 807 135 939 306 377 110
673 63 387 570 378 258 267 853 957 510 401 953 189 780 382 861
960 205 385 469 722 777 834 420 869 651 84 500 240 683 402 324
309 598 938 645 71 822 47 753 323 597 289 596 130 993 997 789
545 664 981 363 819 901 109 185 43 587 351 909 907 985 148 463
380 497 648 902 716 406 315 880 624 628 951 923 665 863 60 298
423 36 770 888 412 969 404 83 66 230 393 112 537 760 682 625
831 600 0 609 723 785 840 345 203 244 984 299 943 496 269 975
96 524 350 702 241 313 285 503 186 677 992 333 242 800 397 795
455 243 264 283 150 437 586 114 970 239 932 228 916 291 633 837
852 661 791 465 655 881 454 699 175 971 521 72 193 671 297 67
164 4 718 966 