466 300 932 148 797 809 901 705 733 264 486 54 628 617 126 703
136 210 222 766 295 925 795 98 386 971 96 882 781 689 320 362
870 368 317 627 621 801 956 56 310 524 878 693 818 567 318 633
876 788 776 436 824 743 774 71 119 427 569 813 610 584 139 290
321 410 22 850 298 723 305 597 226 996 213 780 964 765 220 527
383 532 504 276 483 934 835 349 904 211 459 561 112 665 88 915
940 488 851 771 749 582 425 283 352 598 989 254 732 413 10 796
602 917 737 777 418 494 910 101 861 388 986 216 590 511 61 939
53 323 891 991 449 398 549 709 122 24 44 274 14 936 343 503 288
176 580 830 759 468 811 727 828 695 699 663 428 92 625 219 594
620 675 707 999 165 95 960 462 32 20 322 37 708 249 261 177 673
258 629 195 7 866 296 83 577 224 