204 911 66 444 941 566 777 112 580 416 260 19 30 951 875 722
496 400 761 798 196 457 266 728 818 280 642 793 952 855 769 363
517 311 569 343 55 296 759 735 23 780 222 335 231 608 438 281
816 993 200 806 921 615 143 859 466 808 20 792 144 880 392 107
561 587 765 741 10 787 220 185 162 928 804 698 346 90 478 988
522 240 748 40 330 317 7 960 736 865 515 788 184 45 434 540 801
67 644 662 839 933 42 362 323 971 649 898 936 151 707 846 464
824 858 119 653 446 429 454 226 672 959 841 753 165 883 840 125
676 503 63 605 225 254 81 799 512 700 639 303 969 103 632 212
263 462 842 189 194 447 386 802 99 488 114 719 337 299 533 307
53 58 548 188 997 435 937 380 481 174 655 126 954 528 854 461
187 316 18 177 265 102 542 118 514 595 619 285 258 358 65 459
326 582 594 776 730 752 925 834 