359 390 271 209 286 703 154 747 646 201 667 384 414 985 772 585
421 875 361 779 407 834 874 427 379 464 100 515 942 880 202 127
935 374 899 466 728 30 973 922 270 901 534 51 18 428 798 928
592 35 49 683 574 280 149 14 252 360 528 261 62 335 529 372 285
642 912 467 362 860 346 187 369 426 748 645 699 616 618 958 341
93 344 446 677 879 56 373 724 316 250 490 628 824 837 778 831
199 735 855 38 143 753 192 220 298 946 405 508 524 594 61 980
75 661 334 523 97 638 450 10 470 823 754 244 139 932 725 66 633
583 986 845 251 190 309 818 29 225 118 925 589 924 331 415 983
142 383 70 678 509 20 416 976 705 263 759 55 146 245 17 68 96
817 624 63 40 505 937 664 126 690 596 609 277 