997 259 964 49 81 433 456 768 332 284 668 276 427 603 349 24
850 87 256 774 721 204 554 145 110 815 671 152 30 73 630 555
324 43 746 199 128 17 613 480 402 869 66 155 196 396 198 107
549 998 808 536 945 18 988 627 643 436 857 208 440 701 462 559
174 770 649 31 851 465 34 302 187 599 717 437 277 626 574 121
432 438 845 491 910 734 895 902 704 470 859 413 243 727 809 188
847 928 784 457 516 147 67 812 341 841 675 178 165 959 826 576
363 935 223 666 19 904 418 260 169 348 735 801 679 373 380 336
745 518 360 614 790 0 186 520 706 674 309 151 693 780 883 545
323 197 404 430 232 830 948 51 146 667 971 769 757 817 28 792
142 311 743 803 570 697 494 991 365 663 633 364 966 177 822 546
377 636 244 355 852 90 409 586 124 171 532 635 778 739 796 503
272 391 833 