154 217 466 246 769 513 568 896 413 58 820 607 21 535 687 113
245 295 648 189 935 450 508 621 145 755 759 320 304 171 901 965
872 521 160 314 12 493 693 199 237 135 366 841 969 128 480 375
273 277 30 302 195 488 174 981 537 544 630 635 776 149 851 839
558 389 70 582 315 254 809 570 962 395 163 616 650 183 934 127
722 804 840 438 28 26 783 743 890 477 312 323 15 431 584 536
437 80 14 443 126 16 956 842 879 433 156 289 791 834 880 464
511 458 915 683 846 954 482 219 514 382 585 782 631 875 73 938
93 923 829 407 903 66 250 677 111 484 24 628 980 78 512 860 899
793 781 79 478 101 434 732 904 75 593 63 509 65 463 689 757 756
490 258 294 718 329 905 275 292 