950 656 714 652 79 828 105 421 411 107 628 565 211 933 462 14
738 540 384 867 900 498 614 754 279 189 48 388 682 596 685 805
418 496 42 240 781 32 188 883 702 693 90 364 638 169 304 454
340 957 808 552 136 633 998 573 560 662 469 73 329 439 479 798
566 840 514 839 756 83 285 727 703 813 745 953 108 599 427 991
262 59 215 694 944 134 146 905 372 821 792 515 492 622 587 600
190 299 333 174 489 951 387 907 772 471 817 564 256 431 620 360
313 945 123 477 381 935 520 145 201 749 619 771 39 346 157 811
130 416 284 389 796 459 203 247 265 737 880 91 679 100 494 75
425 303 187 503 37 433 143 507 621 720 111 873 910 882 794 443
172 335 890 582 536 522 578 554 352 397 499 558 601 160 874 851
81 307 376 