195 601 193 27 256 39 946 400 246 58 514 446 699 586 423 934
630 933 739 659 360 498 510 697 16 990 595 732 912 805 579 434
902 124 148 996 849 665 374 671 242 870 988 415 726 91 74 231
254 284 754 460 247 406 877 55 882 266 953 941 939 228 860 252
627 414 613 932 755 532 234 182 81 178 708 156 648 883 60 972
163 846 73 511 781 309 917 320 125 814 904 404 861 706 678 690
344 180 361 719 518 340 835 412 774 110 685 578 582 338 863 253
645 491 279 667 747 438 879 421 547 112 417 885 18 945 587 620
713 453 958 599 450 679 451 274 259 198 422 926 175 462 540 384
878 768 858 903 508 31 562 455 362 301 99 261 68 75 794 962 82
427 230 563 756 403 795 851 856 13 712 503 686 943 10 709 673
311 78 529 93 56 42 765 833 113 710 929 614 169 575 801 51 940
542 167 616 