35 804 66 864 598 865 811 39 76 249 269 196 453 20 177 340 357
870 302 716 108 185 300 869 879 815 697 288 433 998 393 96 602
170 746 486 612 686 235 672 711 246 728 960 143 800 831 498 807
669 263 682 894 644 487 430 387 709 905 919 216 528 729 183 819
100 999 354 377 168 468 490 540 165 987 279 860 99 720 335 333
395 851 509 13 163 392 399 127 452 477 350 125 232 42 956 153
856 11 488 627 348 238 328 641 923 320 491 341 461 286 224 189
826 223 802 633 90 180 794 116 281 531 440 500 460 599 195 234
322 226 695 414 755 484 1 495 930 31 947 77 344 6 450 219 475
7 24 907 704 124 950 722 311 566 284 104 592 933 25 510 316 712
255 347 810 