648 127 735 822 368 807 161 937 482 26 750 643 525 837 457 164
947 830 792 882 144 211 598 403 98 427 558 635 623 625 128 349
315 170 305 938 364 102 295 589 551 519 691 808 115 166 79 384
821 616 398 440 650 916 977 989 550 422 513 329 602 408 428 265
718 374 814 932 721 284 520 239 223 663 740 918 353 183 354 948
654 448 376 744 733 514 173 218 997 370 461 479 41 497 407 870
11 372 272 761 219 413 499 64 603 117 386 622 334 665 914 639
71 919 424 797 637 723 699 274 393 642 330 954 28 564 709 186
254 380 547 969 111 215 825 745 885 276 562 502 901 620 629 749
694 494 404 756 776 707 418 268 898 768 618 96 627 301 827 781
352 926 965 766 734 878 696 670 149 586 23 146 405 884 966 