958 914 257 961 926 606 922 772 629 23 249 805 964 254 980 359
967 175 183 266 837 48 910 302 433 392 982 159 59 155 526 461
477 109 41 230 0 640 84 211 152 332 474 263 166 505 801 83 280
608 86 939 165 371 277 788 156 591 749 521 932 924 632 131 484
72 649 330 847 567 972 309 436 992 80 444 804 600 196 499 991
319 669 831 453 141 15 128 353 361 864 215 984 203 544 326 46
476 819 590 721 271 502 899 737 382 315 207 97 687 496 74 463
937 331 686 761 854 969 426 915 867 279 104 549 538 954 447 726
612 733 885 372 717 935 794 391 827 552 519 604 6 971 493 744
384 397 512 409 385 57 894 736 676 252 47 795 51 71 31 523 722
618 218 690 248 896 170 759 222 268 978 547 243 341 103 