355 135 714 104 874 627 864 844 809 347 133 612 472 826 22 223
74 41 946 253 711 891 160 40 434 962 340 317 287 252 295 176
111 310 345 392 735 127 795 349 957 780 374 918 139 859 875 339
325 920 240 582 712 224 879 146 297 442 849 348 175 718 335 579
210 110 619 31 964 968 979 806 547 457 519 239 907 93 511 760
779 487 570 601 369 400 913 935 152 289 207 782 682 502 145 778
688 877 372 663 259 186 276 941 994 856 479 386 899 823 173 587
670 599 236 641 769 257 311 147 854 215 860 368 375 868 97 817
933 704 518 690 331 669 869 465 764 810 892 107 786 179 467 969
897 971 730 28 728 723 753 178 109 503 666 373 776 997 378 12
680 444 940 15 102 191 461 749 513 416 233 960 235 591 393 360
568 424 621 18 699 855 986 832 683 655 878 168 774 332 842 696
192 484 91 231 407 274 