925 220 139 894 746 83 839 720 586 253 23 147 183 179 748 735
336 115 214 834 824 751 755 754 653 575 803 42 656 561 87 807
832 504 25 835 117 723 705 145 243 898 878 199 99 22 670 936
416 334 458 691 269 62 89 201 611 872 302 143 814 582 70 781
460 475 989 573 721 537 459 204 438 620 454 289 471 558 840 103
523 425 744 110 977 57 643 999 585 226 421 766 209 602 18 326
677 528 769 957 539 710 647 168 379 850 652 759 436 849 991 495
974 262 180 822 384 789 328 933 570 522 857 660 976 90 14 984
376 601 541 902 997 116 596 221 661 100 640 268 473 165 355 787
441 252 464 749 195 131 305 564 657 46 554 806 741 227 38 616
753 733 782 