409 831 865 583 843 443 938 331 559 596 956 397 591 756 732 569
716 894 854 996 319 1 510 645 54 642 217 46 455 65 369 130 58
825 357 495 64 778 826 44 224 836 733 927 517 191 418 985 539
684 678 597 299 395 204 270 987 722 532 969 154 701 380 294 480
103 688 802 577 53 147 919 80 200 205 977 7 236 742 232 654 564
243 652 971 55 155 554 913 659 489 761 93 194 715 616 857 703
629 650 920 786 734 353 387 368 383 797 700 470 242 486 281 211
334 674 593 487 929 876 97 253 754 801 753 318 632 909 208 880
0 138 845 728 156 467 751 329 201 335 631 812 159 88 816 584
975 31 770 73 126 782 411 82 220 277 856 371 382 918 485 287
143 