366 563 755 848 654 613 957 493 639 997 392 39 726 610 326 63
379 829 909 398 57 845 158 214 581 770 267 692 538 740 73 53
314 662 249 807 307 893 881 361 645 355 586 732 756 508 553 143
40 117 328 471 810 916 334 165 960 710 621 772 2 729 953 487
293 627 717 534 484 680 967 591 25 721 944 133 107 28 415 78
344 313 956 148 531 738 905 11 595 309 751 424 377 270 539 386
381 768 730 705 362 356 187 723 532 942 217 561 852 734 764 512
8 901 213 472 211 979 333 604 245 584 774 798 941 297 860 887
913 851 567 746 144 933 264 500 821 634 312 351 277 615 695 129
315 778 58 124 90 653 122 859 468 7 20 696 757 162 541 262 978
566 805 71 136 530 358 336 780 685 62 131 546 29 693 716 428
570 254 327 981 261 456 134 