572 911 918 939 448 416 875 714 824 764 299 773 415 766 78 936
716 704 669 153 963 324 745 323 814 420 526 853 631 786 861 294
688 791 482 871 472 628 700 898 134 158 49 590 274 803 239 666
747 570 578 729 45 906 50 887 617 585 88 449 64 697 854 475 139
542 459 620 15 352 202 589 38 163 587 243 882 123 811 344 730
797 694 470 988 288 541 495 921 337 102 760 411 708 739 916 253
126 301 787 649 216 579 737 444 258 247 487 47 440 261 738 838
750 723 799 999 582 598 289 144 668 164 141 607 374 426 220 192
845 178 464 972 79 456 640 653 237 127 557 646 710 211 218 28
441 998 843 290 770 783 520 965 567 473 802 8 925 437 597 884
