549 611 786 986 857 559 591 537 849 298 60 681 159 778 383 366
714 402 962 281 122 687 17 112 25 936 508 834 676 172 941 489
424 140 807 387 268 914 133 127 413 491 817 433 796 361 284 803
637 842 553 380 153 22 441 89 740 296 582 742 902 917 256 850
726 639 218 704 600 730 451 452 761 774 892 963 678 120 48 102
186 63 240 342 130 695 648 805 542 454 390 431 58 768 741 624
899 883 933 406 472 124 838 215 315 9 498 983 810 26 488 428
216 404 669 427 534 784 430 437 690 723 813 683 833 295 998 279
979 98 890 581 482 481 728 870 66 866 721 885 365 47 732 943
776 411 949 606 655 221 203 291 982 54 546 640 28 650 439 563
717 79 