396 407 989 900 776 1 361 211 456 261 196 464 415 804 434 172
400 913 176 755 973 144 988 544 586 855 543 210 999 248 372 420
621 881 628 554 490 114 56 342 778 841 155 325 522 726 949 665
888 433 95 923 903 304 719 997 876 310 218 808 952 733 286 281
360 566 257 984 46 23 509 237 92 641 982 394 660 272 274 224
327 835 553 173 15 528 562 379 558 489 118 115 244 180 538 191
168 796 326 877 422 656 389 225 706 588 872 611 822 810 112 842
936 908 805 632 768 352 996 539 557 267 16 668 962 763 734 812
870 339 473 792 807 866 77 519 366 467 977 181 600 551 530 673
723 133 892 816 634 844 951 117 765 356 978 836 769 618 308 794
134 125 469 474 644 705 