939 904 622 288 435 565 691 369 23 557 890 515 722 276 775 104
61 4 292 547 961 771 55 609 468 316 359 881 289 12 504 54 343
962 750 151 891 454 672 821 623 968 87 760 483 773 31 486 954
588 964 769 428 485 543 791 270 492 119 851 856 394 206 117 786
612 820 28 946 932 52 898 417 239 503 387 997 826 888 585 657
751 254 202 849 426 77 190 532 607 390 372 988 943 527 749 125
143 34 901 287 498 660 114 741 739 803 473 51 447 535 756 488
459 349 982 918 8 746 32 357 84 509 499 17 827 362 644 857 985
6 731 377 829 599 437 712 161 795 213 789 187 35 963 476 194
212 819 70 732 140 121 103 768 560 909 659 631 75 757 421 309
313 436 690 893 41 490 813 839 290 694 241 186 79 261 367 475
39 115 496 406 325 855 