403 639 417 762 804 584 335 346 748 333 389 412 423 19 334 564
192 792 894 615 516 226 420 699 110 892 495 433 17 952 834 717
259 228 428 20 986 916 942 439 972 758 11 4 897 837 432 633 886
493 205 374 292 788 960 555 944 304 218 841 945 121 557 343 366
825 98 946 627 104 164 328 741 675 387 186 813 704 506 415 49
509 106 510 602 235 174 229 288 73 74 120 856 702 95 781 483
485 59 681 243 583 209 601 637 835 594 323 624 418 597 63 609
189 910 179 261 397 216 520 941 482 176 686 833 540 673 331 24
256 119 977 906 688 238 669 809 281 426 9 92 715 711 932 210
622 108 472 177 600 152 81 558 840 997 562 701 123 48 647 875
710 535 200 224 947 369 747 132 984 517 273 860 3 865 513 994
