413 576 611 871 655 981 134 915 770 750 277 456 386 574 233 691
738 70 732 144 494 815 780 667 401 947 398 842 754 74 635 243
28 27 154 167 560 246 909 46 828 744 7 378 575 577 391 396 459
73 319 524 532 169 643 653 480 755 290 76 119 42 979 855 869
80 281 514 580 273 145 124 762 587 296 63 684 771 644 897 928
22 913 747 218 599 265 460 991 297 960 315 949 735 111 502 503
832 534 382 931 661 309 368 0 736 5 563 260 216 868 784 669 509
937 123 109 953 155 342 806 271 320 47 583 153 948 369 288 504
88 384 957 692 180 699 279 632 256 428 887 440 975 248 214 660
343 926 170 821 588 889 766 114 685 654 380 914 589 535 833 10
473 143 