309 407 976 2 187 684 456 43 415 161 478 771 877 638 569 257
719 49 826 25 974 738 425 973 777 532 160 789 929 502 484 120
11 145 864 219 737 912 960 473 35 675 780 137 108 570 919 355
15 870 511 142 232 653 566 816 612 894 548 477 347 398 776 676
795 179 243 904 602 327 46 426 691 632 817 121 54 498 402 295
875 714 859 757 384 967 84 250 92 900 267 330 147 88 209 89 561
536 735 876 386 767 220 606 521 278 524 217 332 163 800 307 337
666 184 105 635 427 906 76 94 432 921 78 410 449 633 342 884
838 833 471 701 329 984 734 260 969 399 156 814 598 152 350 41
674 111 705 356 125 753 588 404 447 381 251 34 469 964 483 768
75 585 6 323 