115 805 126 689 881 736 725 760 407 73 229 206 478 702 958 241
948 819 728 924 415 588 137 255 124 50 686 388 589 821 238 178
579 47 578 741 412 292 888 554 38 261 763 187 768 374 480 905
266 191 838 453 846 281 961 587 216 688 139 166 273 937 694 762
656 671 517 726 966 839 48 36 801 863 164 33 666 548 787 733
120 861 949 873 933 282 236 489 553 102 378 758 571 59 891 28
661 112 171 902 103 27 827 467 523 832 26 678 811 946 711 279
286 674 829 269 714 66 423 419 100 626 268 921 561 989 223 742
41 430 17 765 867 289 824 885 72 495 274 660 287 22 37 977 319
797 994 369 652 149 86 963 836 533 828 710 355 119 903 314 594
172 1 260 237 744 186 263 699 469 130 265 146 228 716 865 697
576 807 990 385 45 254 606 960 284 531 357 134 376 559 128 479
693 955 923 774 89 914 418 64 7 23 