96 452 741 558 306 796 586 80 724 68 30 871 202 563 177 269 228
845 773 40 486 154 624 208 743 401 149 513 148 24 105 593 404
106 400 906 10 427 297 553 750 502 620 125 708 784 654 877 686
983 296 608 823 554 323 308 500 483 968 comfiest 351 312 27 889
411 366 155 473 81 681 171 145 559 908 465 606 847 969 625 929
5 314 140 587 677 739 943 838 423 15 221 803 292 225 635 56 469
jurally 927 33 525 659 646 438 885 941 698 363 175 444 87 909
872 330 135 527 451 367 813 344 220 241 160 585 842 151 616 334
631 614 648 859 256 710 900 161 437 91 mahatmas 328 481 396 665
694 355 231 800 572 884 662 335 705 457 365 520 18 19 329 973
163 538 888 166 