241 404 520 111 357 370 341 960 673 29 588 959 543 724 255 759
44 542 465 8 613 132 891 694 107 509 545 391 177 736 25 614 606
214 479 725 412 130 641 233 382 401 688 908 144 868 338 487 85
916 454 151 208 90 783 507 816 340 756 89 692 850 563 150 13
503 256 481 468 822 234 60 685 49 249 631 539 699 38 522 367
380 163 128 1 993 664 709 775 971 899 926 88 587 258 125 282
329 720 810 62 713 463 679 213 583 254 880 901 387 267 148 831
832 330 328 885 609 639 373 314 750 331 871 894 626 834 635 116
747 582 348 284 865 984 804 879 289 113 643 15 337 119 0 807
944 413 225 362 161 765 797 612 377 134 806 684 693 939 14 888
738 914 198 598 187 637 716 787 