642 93 273 582 707 377 297 179 148 708 640 595 695 109 171 34
316 265 290 969 124 715 944 558 418 728 826 20 626 193 31 656
958 523 433 765 570 908 474 762 266 635 62 189 459 45 785 81
855 610 827 714 803 481 859 601 916 690 17 896 303 903 776 12
594 279 842 755 442 939 460 680 678 704 563 410 217 227 757 253
663 400 786 724 320 122 953 973 521 982 605 822 843 105 3 162
497 550 587 863 774 593 476 940 79 739 994 984 676 726 858 647
158 638 82 200 417 380 698 145 360 528 353 927 941 989 453 614
990 54 220 761 214 727 257 555 731 101 383 839 385 15 326 868
73 892 225 811 334 886 527 223 198 830 510 789 349 100 347 532
819 534 340 775 83 825 986 464 130 632 604 960 691 551 507 261
298 797 173 456 723 808 782 10 33 78 667 76 922 928 466 123 630
740 722 329 524 