740 911 667 175 598 407 643 713 761 186 580 465 356 85 474 905
344 138 511 584 110 123 215 447 649 290 426 2 523 604 961 817
987 951 758 71 312 941 316 784 266 765 453 603 903 78 762 779
93 544 394 319 41 720 153 62 840 579 516 285 381 741 484 886
313 279 798 386 763 396 843 689 124 574 760 976 272 868 782 163
227 243 155 22 923 683 412 113 478 5 418 602 242 685 583 770
122 546 414 208 766 189 950 597 81 174 16 711 541 371 979 984
475 978 63 84 231 391 80 48 757 158 4 19 865 593 828 809 322
11 438 377 726 257 971 592 400 749 36 846 214 401 47 359 256
744 854 529 284 56 423 51 117 446 780 715 171 537 573 565 862
680 631 882 867 522 244 382 771 470 977 622 690 559 693 436 330
476 315 258 283 531 567 148 712 861 292 489 66 265 686 872 