27 974 427 410 754 86 916 611 584 237 942 523 383 716 102 901
602 477 634 236 76 905 601 677 73 793 976 933 356 135 391 696
622 283 486 425 183 37 436 733 882 533 447 543 312 667 701 837
761 515 505 782 24 928 405 728 259 722 727 429 161 953 496 536
300 6 116 155 743 812 647 331 75 222 698 384 731 765 935 869
313 20 60 571 860 181 549 202 910 476 158 449 196 589 176 991
325 43 972 150 895 658 28 378 734 811 84 170 823 369 497 361
540 620 912 822 159 191 992 187 466 527 675 671 753 683 461 592
996 531 319 596 478 883 891 638 577 207 791 42 803 446 134 426
724 110 541 323 574 921 674 198 234 808 123 828 613 554 51 347
193 377 519 858 645 232 36 751 783 690 631 950 864 646 414 379
396 871 167 175 145 239 522 758 125 943 889 545 83 512 