494 122 186 469 333 393 454 575 706 663 761 730 664 205 934 838
417 881 323 440 556 830 204 845 691 130 157 648 221 371 88 134
129 667 343 948 471 307 34 932 424 982 513 589 85 321 64 103
984 461 920 33 420 828 569 853 42 229 779 929 303 541 656 624
530 877 492 869 906 233 114 353 126 119 117 413 80 15 665 638
827 0 744 239 109 509 473 411 868 652 396 113 759 700 175 855
273 498 462 897 377 670 979 372 373 529 778 499 874 800 101 896
168 654 527 18 746 365 360 686 207 578 605 981 712 614 36 809
858 555 245 534 824 510 189 543 44 884 248 433 788 401 537 264
414 444 900 856 384 770 71 446 878 39 597 968 566 279 383 209
977 771 843 927 358 94 339 518 407 940 398 722 171 701 625 931
486 859 789 93 361 764 19 