654 504 295 412 72 724 533 897 586 788 661 663 263 180 589 51
302 827 591 489 232 772 267 162 467 477 650 414 813 933 78 224
958 494 96 150 998 457 797 522 33 438 284 305 186 62 17 13 159
956 719 409 145 599 798 959 549 768 273 266 149 820 789 892 835
736 898 139 402 758 670 623 134 338 792 887 811 269 314 999 101
468 109 866 470 286 778 992 340 442 936 42 562 16 164 49 731
484 891 523 30 842 968 212 132 339 975 648 828 190 598 209 696
822 352 713 548 193 487 556 640 535 335 815 694 465 389 254 924
308 697 84 756 962 829 427 388 461 951 279 253 860 769 728 542
303 7 532 413 221 922 441 445 406 348 152 594 716 407 537 157
878 953 911 766 527 57 723 165 426 