887 611 158 409 66 122 382 106 401 468 815 359 447 782 98 970
59 130 874 661 801 430 195 641 179 790 925 954 654 770 311 180
574 289 556 205 105 225 915 28 284 751 847 441 886 950 578 182
214 470 778 919 945 833 537 952 465 64 287 443 627 576 533 940
52 276 937 916 337 371 895 728 929 664 721 913 234 972 907 591
605 357 579 38 294 459 149 926 192 249 726 27 646 153 490 472
580 108 947 138 488 442 732 648 419 363 365 120 858 43 762 849
316 871 126 827 54 567 819 986 118 73 884 156 818 928 882 966
148 67 993 183 386 811 948 984 735 323 642 908 675 704 154 414
787 881 756 999 207 50 173 535 713 608 402 731 524 127 298 959
857 19 718 772 248 803 144 774 668 798 396 759 220 241 649 629
46 696 812 458 53 102 329 268 255 967 809 266 39 4 378 343 978
944 879 729 481 282 473 82 