482 601 321 656 292 416 54 244 954 527 450 255 842 715 995 285
368 2 16 220 280 525 182 747 306 592 149 323 63 193 85 184 50
435 830 780 385 729 364 990 725 18 945 599 228 583 195 818 771
139 526 65 963 934 106 505 478 584 852 857 851 277 882 167 358
806 334 110 553 332 529 999 809 5 212 279 977 487 924 694 708
541 3 521 875 176 863 390 471 759 568 261 848 125 304 912 611
524 569 622 798 994 892 397 578 328 542 906 424 253 140 718 494
73 515 112 485 223 335 833 502 823 411 980 903 893 97 170 245
676 983 773 506 749 396 303 162 672 807 657 132 835 413 483 210
737 595 602 878 528 402 113 540 81 271 79 172 641 929 161 544
886 689 0 779 955 768 624 550 750 464 131 34 667 841 643 250
618 522 475 777 238 374 921 183 211 