487 558 805 485 79 235 80 75 722 968 56 428 650 914 544 182 385
954 779 162 340 696 655 907 386 25 82 564 815 273 64 39 852 300
66 415 4 801 365 135 668 390 823 350 973 986 870 723 444 125
999 928 361 277 30 932 411 684 315 243 153 795 837 892 324 146
380 268 584 109 248 884 321 844 796 578 594 897 579 203 409 400
759 120 249 320 557 754 192 327 712 274 345 180 746 246 731 89
523 150 293 225 525 15 893 671 41 483 476 251 861 647 842 685
387 54 258 847 323 81 491 521 499 422 266 343 862 160 777 423
108 93 456 745 299 977 159 836 318 721 244 96 577 764 124 226
497 290 677 191 460 508 642 608 72 811 9 363 708 789 744 943
494 303 581 750 308 284 475 519 556 100 839 541 198 629 169 158
678 522 312 398 165 910 461 730 656 339 86 329 729 473 838 231
706 529 