445 257 638 865 803 198 715 560 464 669 727 542 734 39 42 450
30 791 716 864 296 844 124 271 68 454 767 917 740 753 545 754
250 425 804 524 586 469 46 327 32 661 588 637 449 730 434 125
620 900 12 5 750 972 444 866 831 152 761 598 544 381 457 732
942 438 179 25 365 266 131 789 848 220 424 246 495 137 61 709
502 863 38 70 821 509 230 371 834 225 774 829 291 600 50 497
539 704 293 69 41 596 313 808 227 752 925 235 532 177 197 583
686 427 277 932 363 79 13 996 629 989 37 452 108 722 554 14 891
653 886 171 522 80 432 902 459 822 174 358 238 826 631 92 237
322 845 410 799 24 460 693 344 56 670 359 484 314 135 413 700
494 206 749 176 40 599 843 645 654 