319 754 729 336 827 555 534 852 273 527 167 773 65 114 406 724
281 287 10 678 67 113 198 947 401 226 6 765 585 999 626 411 359
674 16 161 331 81 415 447 46 693 700 869 686 132 97 155 924 790
908 119 358 632 645 923 108 471 311 860 405 370 479 717 347 254
42 740 851 885 54 30 976 404 997 353 751 546 684 916 917 29 708
374 157 651 711 649 525 963 268 210 129 954 92 696 606 675 57
297 873 559 124 680 183 719 801 653 318 101 37 982 260 378 538
854 272 668 312 441 575 936 760 887 64 169 652 931 35 759 567
355 203 407 791 464 175 992 857 779 935 121 376 427 795 504 494
106 12 111 770 618 681 47 154 503 910 841 529 637 531 903 520
743 500 921 932 153 617 894 395 280 491 830 836 278 623 713 342
476 526 590 36 322 596 839 247 436 334 223 562 463 698 123 232
844 31 402 