417 477 944 200 695 874 231 974 113 452 495 567 275 236 334 572
84 972 168 403 931 19 254 331 516 574 158 888 434 399 388 123
68 359 994 372 132 297 402 835 96 507 205 325 461 733 141 192
707 137 762 873 584 970 387 734 204 56 967 924 667 342 565 101
202 538 662 265 735 108 643 715 581 210 365 901 443 285 30 423
829 748 786 596 344 319 480 21 717 843 571 153 124 987 927 225
854 414 139 529 957 819 327 273 111 395 836 249 562 863 426 16
164 630 119 738 472 488 406 590 775 827 35 983 43 62 981 235
38 441 352 980 838 815 24 246 394 55 81 463 364 49 792 768 551
737 706 810 573 440 129 23 665 459 633 504 233 526 306 802 282
11 453 217 383 603 563 628 906 474 442 915 53 724 299 890 115
