809 854 958 291 577 780 13 652 175 878 899 676 112 254 137 141
781 668 352 212 969 293 905 581 228 95 494 536 575 992 742 897
153 861 79 46 393 613 638 760 300 362 821 552 319 773 890 474
842 179 416 675 914 513 177 753 305 192 69 115 637 586 343 259
898 85 0 802 67 706 715 799 975 757 840 304 875 567 944 48 690
193 14 811 201 110 168 988 630 279 794 109 297 436 500 642 8
488 409 426 102 496 993 55 327 202 490 734 247 326 333 766 737
182 316 472 820 482 935 650 190 119 934 64 25 223 208 631 129
258 822 445 142 210 658 904 487 784 353 410 860 288 972 340 54
926 391 844 885 620 702 728 877 282 72 244 511 698 824 287 57
727 943 808 747 803 806 