246 675 862 385 308 678 224 176 194 431 111 737 304 56 934 107
463 857 178 942 477 282 722 211 67 14 147 579 746 794 846 692
649 698 464 759 719 367 838 916 383 525 330 127 440 499 474 490
685 34 20 237 74 232 33 754 313 28 860 321 526 149 141 578 644
584 408 567 55 0 444 381 652 221 392 605 342 212 748 963 441
69 126 667 830 359 512 27 962 796 329 752 666 378 854 788 516
687 577 770 975 680 58 136 609 405 756 985 267 711 677 181 659
868 166 701 302 559 170 797 529 214 252 3 493 396 461 524 105
137 222 163 558 682 415 601 994 891 269 507 413 131 643 145 981
70 521 806 544 531 206 549 190 96 855 370 819 468 266 637 112
26 57 662 227 786 435 931 703 478 242 351 140 893 