656 567 841 498 594 582 267 849 908 41 219 489 40 640 942 29
633 101 802 807 94 511 835 805 654 697 623 223 506 625 334 302
744 357 37 18 887 125 438 178 269 407 17 339 23 463 36 87 785
938 129 13 616 494 917 750 522 153 637 161 607 530 120 526 299
557 927 481 509 990 634 273 466 934 512 564 169 368 451 795 485
471 264 340 286 924 827 555 191 799 584 105 375 472 75 901 537
222 626 195 818 740 793 819 244 619 701 660 58 868 128 960 417
437 873 579 181 985 196 695 976 669 208 811 307 838 968 6 569
970 136 503 962 351 738 821 520 234 772 565 711 967 809 455 166
698 904 896 663 316 214 732 304 783 487 370 342 553 400 765 575
996 721 99 8 547 228 