690 777 810 278 217 269 533 980 535 21 442 647 463 888 53 253
529 548 912 871 153 589 762 342 191 981 350 635 755 739 910 386
338 34 493 241 24 553 313 68 25 815 19 757 276 896 6 424 9 648
974 806 223 364 782 848 894 890 703 304 968 523 805 301 651 51
761 135 320 764 513 681 798 716 295 603 368 577 728 375 459 982
199 588 270 110 691 983 613 419 234 93 178 987 503 300 643 411
893 519 449 763 807 188 920 788 590 423 767 86 149 130 427 956
551 639 341 242 701 48 277 604 124 31 202 563 935 163 842 345
279 73 528 415 395 636 460 134 367 696 11 379 615 410 2 754 631
222 784 803 963 465 500 641 687 656 227 746 909 70 673 285 501
401 678 20 642 381 975 120 996 96 705 203 219 138 575 700 161
765 584 55 226 346 695 