355 415 643 41 719 112 76 723 36 634 856 420 914 87 358 889 344
51 357 863 243 843 176 783 716 847 417 336 729 412 527 254 481
300 531 197 767 657 445 4 57 983 964 422 48 199 892 871 480 388
24 487 941 703 266 912 2 490 984 610 787 268 201 720 364 43 290
901 74 973 33 272 757 221 636 769 98 582 629 627 652 561 935
91 351 136 795 107 794 396 434 143 777 426 479 13 676 77 40 672
297 722 23 529 820 184 868 539 263 668 116 345 495 424 573 693
841 174 995 53 310 375 732 438 799 104 405 406 920 939 321 630
159 246 261 647 523 911 842 293 283 59 623 327 489 519 807 301
776 563 691 756 177 225 980 19 500 717 466 89 581 31 764 929
