714 30 34 388 554 441 906 838 110 704 140 295 957 213 760 580
926 406 380 873 508 211 177 497 310 899 627 773 45 682 221 723
979 498 106 339 279 158 837 657 503 578 29 345 902 582 626 951
586 879 624 278 801 101 984 193 16 798 271 235 945 426 716 857
745 634 814 545 455 76 787 389 127 850 68 451 98 148 483 23 855
393 968 372 151 405 864 700 323 840 404 746 175 361 402 391 26
396 42 528 609 738 403 868 728 565 755 888 182 139 57 113 963
765 416 592 135 155 719 513 679 356 480 706 47 373 253 302 259
919 180 277 439 994 757 232 593 344 645 430 762 458 647 210 794
841 936 941 854 769 772 991 929 264 530 707 632 46 288 138 628
780 539 974 519 703 969 60 