306 94 942 289 505 609 539 758 811 183 356 90 664 55 454 233
494 402 377 981 898 672 120 849 633 529 877 806 469 799 570 309
513 827 366 544 271 638 406 2 982 418 656 847 703 161 863 36
453 994 946 538 920 906 684 229 113 156 650 301 29 568 809 145
463 619 756 770 660 216 977 941 352 854 836 16 56 729 10 708
424 391 351 507 467 14 885 384 60 46 307 540 956 49 610 783 491
196 132 398 952 732 7 347 70 217 844 232 84 788 401 193 304 572
748 313 509 718 890 857 686 452 584 489 600 858 375 582 497 363
105 474 903 74 542 191 318 765 44 403 647 786 54 310 329 354
953 265 298 862 112 175 957 152 988 744 990 394 337 205 950 759
628 245 834 924 842 724 875 631 68 61 980 