113 599 305 239 971 655 309 188 319 289 287 270 21 619 12 816
747 358 833 278 164 117 567 347 197 804 968 210 870 643 687 225
854 467 621 768 260 941 602 622 73 637 645 597 366 339 375 44
223 414 957 866 799 364 398 446 396 299 828 913 257 610 394 510
720 159 335 135 592 72 717 400 110 844 357 584 207 322 542 161
903 381 1 61 889 148 615 286 491 767 999 447 906 908 617 8 614
672 701 596 541 871 35 729 216 404 974 486 129 316 124 910 964
967 262 564 103 801 668 546 519 943 873 354 298 428 778 7 829
646 190 492 511 550 356 737 576 200 449 859 242 981 847 880 808
515 905 639 455 798 719 751 230 740 19 283 600 733 434 923 749
338 891 696 921 588 927 826 689 902 992 686 