842 477 443 493 340 321 992 476 781 933 152 353 613 179 386 685
816 264 621 462 753 43 600 331 329 689 366 253 759 569 314 958
739 220 19 473 607 65 581 11 617 528 523 410 835 371 864 57 625
465 555 308 52 997 927 686 869 163 153 642 402 730 788 924 111
58 742 506 148 266 324 203 721 42 15 494 533 811 968 327 991
955 570 867 914 474 873 34 181 30 890 521 368 416 535 249 768
814 296 448 96 345 484 971 805 469 214 354 615 472 746 258 12
961 790 963 286 665 78 830 355 278 380 145 215 350 17 131 937
989 913 825 379 894 435 399 500 364 9 406 348 520 764 346 720
230 699 652 483 94 464 572 798 503 363 108 143 56 593 952 678
75 307 50 421 530 522 318 