526 321 178 98 395 770 304 155 189 440 709 389 467 369 576 213
785 922 352 971 479 478 135 384 434 240 638 87 852 211 755 441
633 546 404 488 559 716 427 702 765 463 676 919 848 232 13 637
877 449 909 38 145 540 96 305 732 40 17 683 879 230 229 148 26
367 372 533 667 697 687 316 557 694 975 851 222 912 696 554 568
109 67 809 599 170 918 412 930 664 176 419 278 570 717 742 244
338 631 836 613 600 500 532 890 378 835 985 586 489 127 597 751
349 360 677 153 856 762 849 525 876 587 608 348 764 607 236 81
342 126 574 104 257 313 262 946 133 621 468 418 45 884 646 226
466 380 194 407 649 753 203 245 132 660 769 420 714 734 547 553
686 503 7 730 214 752 291 639 70 908 642 277 577 883 46 955 823
505 330 995 319 880 991 535 865 80 91 142 511 263 82 344 171
644 288 784 614 612 