100 750 174 33 1 938 608 26 338 902 908 555 233 993 281 668 917
146 970 165 848 913 405 883 346 637 884 423 148 795 257 620 421
712 640 802 122 782 435 946 611 886 95 389 898 91 689 840 600
400 368 997 906 469 370 641 665 357 739 857 912 774 939 588 392
664 950 694 68 870 186 929 680 635 826 503 175 147 753 464 629
407 304 372 974 920 586 41 219 453 332 55 839 747 35 596 645
716 150 366 173 889 352 573 692 956 501 583 833 71 19 772 347
104 75 677 425 715 324 189 797 391 131 742 78 725 524 858 756
77 570 442 24 39 704 767 394 130 996 163 343 184 769 479 639
649 518 854 47 290 969 325 109 842 300 105 117 255 679 868 223
928 711 443 516 20 138 470 468 194 236 56 709 921 548 330 108
267 965 112 203 569 936 768 