23 892 797 596 189 804 440 611 539 305 802 298 275 510 136 565
405 644 202 454 834 277 116 125 546 134 369 726 511 389 324 946
180 391 80 641 192 745 469 928 599 789 400 336 918 747 631 760
260 639 375 471 7 841 287 775 577 139 304 419 151 219 299 340
940 321 607 861 533 96 764 371 21 598 293 184 306 62 847 342
410 536 2 409 982 811 264 559 514 88 684 856 502 617 878 542
710 60 614 579 758 106 128 495 904 156 953 994 770 622 480 720
581 245 210 572 851 218 977 316 176 493 575 15 980 223 664 215
347 730 973 63 288 284 462 723 91 704 328 373 238 365 247 635
872 217 618 610 407 517 909 896 296 425 351 781 50 633 492 733
