840 922 231 160 130 861 509 540 19 564 94 272 676 887 269 970
952 667 864 744 911 221 129 430 232 230 978 728 378 209 426 335
34 930 678 120 963 163 116 175 654 714 813 760 51 843 220 46
1 716 937 546 802 702 202 562 558 648 261 559 768 442 769 687
56 738 692 525 330 749 536 784 53 79 883 271 603 808 449 144
27 811 349 67 47 733 21 669 682 492 961 310 610 334 550 797 88
399 390 668 431 514 664 78 42 778 656 636 765 599 87 789 229
293 627 268 675 162 537 934 838 555 218 104 31 499 905 631 418
84 847 435 855 547 292 150 69 960 115 834 83 153 302 20 425 697
565 107 395 597 5 579 93 699 463 828 698 974 614 516 912 105
706 746 779 30 86 520 3 696 142 238 304 944 314 885 711 146 977
895 786 891 673 925 874 437 622 110 726 689 759 380 756 684 943
10 207 276 451 902 