102 33 660 243 225 536 64 681 219 788 388 258 889 479 239 743
42 663 228 459 662 672 250 888 722 901 62 792 443 963 490 286
994 876 277 201 831 581 803 230 531 758 368 77 593 4 419 817
800 716 679 970 478 223 467 537 883 682 285 548 13 494 249 612
257 209 413 273 210 157 346 914 149 202 765 978 451 244 669 136
656 406 678 314 775 373 362 409 391 3 395 640 350 245 95 300
806 191 39 240 171 446 412 871 694 544 503 356 59 279 421 221
399 560 542 706 255 647 377 773 721 204 703 483 269 384 323 505
823 835 571 504 220 808 619 34 445 452 31 711 899 762 366 426
887 954 626 487 557 69 469 782 768 475 320 853 297 299 591 140
200 468 324 598 439 205 534 723 704 90 881 481 919 628 444 237
