80 925 885 914 728 917 218 158 47 474 173 336 192 708 959 305
67 71 514 928 229 949 289 748 913 848 834 123 206 825 451 821
892 194 590 219 103 398 95 224 564 354 500 406 4 216 155 334
364 217 393 689 599 670 667 226 818 751 968 121 739 235 983 929
202 182 434 619 986 876 373 454 939 251 715 543 284 368 169 808
847 459 693 817 967 14 541 737 190 193 176 253 788 133 374 863
97 958 65 636 711 601 980 595 160 3 567 795 565 724 684 656 628
880 572 666 755 27 330 328 87 10 990 110 32 563 450 722 279 943
678 781 312 272 164 553 288 113 542 331 488 422 930 122 869 577
555 653 1 608 29 545 637 523 263 643 495 783 942 903 37 287 772
881 665 349 352 486 615 350 550 140 424 17 261 201 316 84 