301 293 250 978 956 418 46 765 517 292 295 249 237 960 973 176
109 616 732 319 875 105 868 990 311 996 509 503 612 664 828 195
583 673 803 420 707 91 188 390 126 874 968 487 21 483 885 114
434 907 173 256 485 465 571 769 455 647 552 99 29 660 654 36
435 741 734 753 791 322 771 743 223 127 953 381 440 9 851 937
842 678 186 461 991 225 567 850 305 646 923 110 697 959 775 120
590 473 906 240 215 482 429 201 518 881 740 527 774 951 385 708
380 520 103 304 894 451 172 668 469 470 349 148 931 593 957 7
111 318 187 11 209 849 497 619 425 343 998 475 341 370 277 478
280 763 306 887 136 477 657 456 76 345 796 102 218 494 307 447
943 543 680 260 317 817 548 751 438 866 25 378 498 975 124 24
713 