87 791 23 690 651 824 641 507 305 74 103 400 299 597 970 697
611 982 853 206 267 790 527 286 710 145 263 449 113 393 830 464
795 73 566 869 123 841 580 154 256 408 453 192 740 919 2 252
249 136 850 108 582 298 102 838 80 380 469 762 936 205 909 65
470 159 517 987 308 942 259 121 39 153 75 947 54 684 201 666
345 886 921 682 552 218 302 141 668 858 828 100 279 378 610 339
161 642 606 341 845 511 250 148 169 191 204 969 300 52 351 443
190 402 32 557 358 998 215 902 60 770 262 591 796 576 219 89
699 135 609 84 605 910 649 811 288 613 700 821 555 926 574 999
93 49 863 261 280 569 64 283 960 896 369 523 551 364 131 58 713
804 415 314 794 293 899 173 370 142 977 423 488 156 19 540 831
859 890 716 784 48 808 789 617 489 