973 412 861 337 644 871 683 257 704 956 670 436 773 411 223 56
982 780 259 461 148 206 70 690 961 614 968 386 771 309 595 397
531 450 528 216 746 321 399 556 449 68 266 118 7 420 89 822 453
784 3 319 886 706 638 168 883 974 238 552 659 815 612 742 981
697 667 81 903 157 418 620 965 879 224 300 361 79 255 273 331
950 48 601 893 404 163 90 401 72 628 865 416 653 737 904 501
368 834 358 43 691 343 824 432 617 631 703 284 235 210 352 913
944 809 518 604 602 236 663 649 844 308 137 881 722 849 325 466
593 921 932 133 731 314 763 407 760 0 594 541 963 905 113 806
112 929 303 24 437 301 446 217 557 419 922 479 476 890 197 511
561 5 231 344 898 852 580 949 142 522 705 643 332 