54 846 259 778 608 378 764 910 829 406 706 842 228 81 970 58
820 114 944 645 789 549 294 416 595 305 927 70 494 493 374 460
78 624 692 924 292 814 400 304 825 457 225 244 614 774 146 715
106 906 426 663 559 121 610 741 325 535 162 749 762 5 946 988
738 280 871 136 584 617 650 109 405 4 331 529 120 327 662 681
833 782 480 379 606 647 634 920 442 767 393 201 490 153 86 856
385 977 433 247 192 928 827 810 713 25 536 246 696 46 299 207
194 780 97 948 878 463 551 929 137 67 321 168 274 422 341 182
455 862 963 768 340 322 541 597 206 724 599 912 547 850 89 337
161 622 105 112 273 707 980 375 248 826 441 118 98 448 268 621
845 302 219 417 962 172 295 603 802 623 811 99 288 95 710 625
642 976 189 957 419 47 314 469 19 677 562 29 329 221 687 391
39 513 751 854 356 830 267 345 300 20 209 