556 84 192 874 181 660 542 289 566 763 422 298 898 9 322 767
337 825 220 932 86 704 229 707 254 250 125 415 833 81 411 32
787 427 179 311 810 246 315 444 659 934 951 519 858 400 198 377
546 528 363 95 630 451 140 423 710 167 634 295 136 773 725 870
267 768 974 430 131 360 262 389 991 875 996 100 359 356 108 402
852 133 493 711 541 253 618 431 113 49 358 585 615 890 736 943
856 536 543 801 421 798 453 53 464 454 947 950 128 466 637 514
842 559 724 651 573 480 821 568 949 530 547 161 813 245 85 351
145 873 919 12 867 703 282 797 309 425 828 247 695 300 318 641
527 164 560 80 404 25 631 777 622 342 391 107 697 456 605 995
116 979 255 727 258 679 554 776 343 983 465 139 345 316 929 214
850 739 780 624 645 367 516 123 