300 634 295 322 13 950 69 234 900 651 664 37 965 312 259 970
928 623 153 286 223 763 105 491 782 954 166 580 142 421 762 789
560 443 816 805 348 727 428 138 388 775 817 399 525 757 521 32
911 989 182 621 743 990 652 533 283 687 484 21 314 435 909 876
746 799 387 33 131 18 139 14 878 821 11 225 346 966 575 803 384
338 75 326 567 615 818 40 190 323 728 509 561 783 150 251 41
476 163 703 211 232 96 73 194 778 231 594 655 462 588 441 172
25 748 135 760 675 722 292 574 520 915 61 627 679 45 418 404
281 646 158 310 790 272 658 442 719 853 849 808 363 433 976 51
666 20 382 958 308 851 854 686 844 918 424 452 932 791 70 670
948 318 305 180 524 671 454 22 704 689 971 196 564 736 44 119
758 797 896 984 522 349 795 858 713 220 598 