434 899 531 925 190 94 258 402 202 401 84 146 575 826 116 571
323 19 413 443 584 480 922 830 733 535 890 126 1 224 220 979
574 436 162 914 947 948 236 802 570 726 654 214 835 598 716 871
358 906 701 321 804 83 831 110 708 105 626 33 291 37 333 218
815 989 635 136 269 272 902 159 268 617 828 11 729 251 782 540
346 510 829 169 51 649 805 588 720 393 238 619 379 981 566 342
618 523 754 784 760 950 982 299 217 206 715 77 369 368 546 459
441 957 776 183 17 325 283 634 573 987 46 783 696 482 988 112
396 970 643 501 339 913 36 469 114 717 35 336 658 553 394 596
819 404 474 38 858 527 543 839 745 319 99 277 529 45 762 477
318 204 583 758 29 767 785 338 213 172 984 141 538 700 385 694
714 514 442 386 