992 519 503 462 437 105 328 688 615 478 558 45 5 107 484 83 575
238 121 816 265 610 718 219 565 649 766 482 667 808 402 197 671
56 261 18 212 778 115 421 742 637 423 871 497 849 979 163 636
958 721 972 822 184 119 794 438 990 69 134 779 901 360 276 499
511 735 599 64 366 123 116 725 571 334 995 832 504 430 200 707
539 100 66 858 531 401 388 431 759 678 906 454 680 574 544 162
885 608 164 772 336 529 9 597 656 37 159 917 87 803 985 50 371
170 325 869 193 845 394 815 560 788 327 967 29 770 844 75 228
736 971 469 573 598 198 223 395 994 260 937 1 829 199 176 485
733 374 27 457 842 354 784 468 961 148 36 177 425 151 453 237
308 526 923 380 210 553 502 838 378 