697 788 451 505 482 165 747 216 689 769 440 318 985 164 961 731
312 409 288 307 833 439 146 58 501 63 877 732 190 842 668 552
287 346 955 65 675 870 74 485 989 37 547 100 297 919 21 551 669
543 31 950 533 445 2 242 874 120 348 472 436 29 821 199 362 793
520 701 587 511 535 764 748 296 576 840 940 968 215 820 688 771
800 995 556 655 976 51 554 991 798 375 369 240 450 384 418 504
586 589 56 491 539 537 813 433 461 682 920 221 123 901 917 268
408 452 40 99 179 292 367 198 583 584 773 75 86 473 218 118 618
14 737 823 933 753 599 283 13 122 191 663 289 8 928 200 50 374
956 273 804 411 772 615 987 708 567 831 780 557 170 574 865 990
629 153 516 626 592 755 797 393 202 447 721 984 565 459 53 344
631 713 670 111 395 967 595 