507 7 200 676 785 989 408 685 502 505 948 20 576 877 89 449 952
960 363 311 205 523 923 880 674 169 199 15 634 442 69 331 251
88 445 724 425 559 3 296 769 601 159 496 938 377 662 783 413
619 380 731 958 979 582 891 686 695 697 927 438 211 913 455 823
73 784 995 84 133 810 814 782 323 536 776 206 243 633 2 119 259
730 381 123 630 555 26 598 62 834 168 801 275 136 66 102 149
194 352 156 10 984 618 373 277 949 157 261 585 175 947 448 816
403 134 934 479 98 432 848 334 863 329 55 457 915 961 901 831
162 566 249 977 689 522 100 385 94 407 747 250 446 47 14 805
596 500 67 405 765 682 460 488 558 1 539 16 204 291 533 135 406
556 874 852 68 577 213 208 931 793 179 973 435 72 317 624 571
350 452 369 171 6 467 177 519 920 575 476 96 