133 494 79 818 309 703 242 428 422 973 630 323 606 135 948 131
394 828 66 119 531 633 37 58 830 321 154 885 10 707 275 439 909
620 475 308 200 579 672 42 139 837 891 652 103 73 947 568 44
500 736 624 168 136 263 351 278 465 635 337 896 804 610 778 92
529 602 546 997 355 762 776 857 820 660 473 94 86 586 479 229
310 214 570 2 920 886 860 477 607 392 988 375 117 894 491 727
467 852 603 931 974 282 301 659 854 797 819 38 286 78 50 35 884
700 221 228 443 350 963 157 469 654 75 706 714 365 720 664 671
59 949 599 458 542 919 88 665 333 111 446 47 759 480 299 992
613 589 348 564 144 274 856 77 640 468 297 113 293 235 253 741
216 587 222 91 56 419 189 173 872 442 611 839 54 413 434 5 248
230 831 862 846 332 838 784 440 285 621 927 452 1 132 596 941
721 487 674 