934 682 163 746 268 216 623 66 558 628 118 505 564 687 690 513
58 665 999 428 883 285 588 205 615 724 543 717 733 989 894 997
514 736 31 362 831 691 892 300 718 660 45 228 156 780 421 725
343 814 213 879 275 276 130 360 206 248 296 622 795 504 204 912
582 478 821 218 209 754 868 840 788 781 524 50 965 744 153 688
538 604 696 454 985 563 886 5 745 105 64 903 637 231 830 304
112 609 477 212 263 866 555 451 646 789 952 307 777 447 798 148
46 369 836 44 271 366 401 485 221 400 931 602 376 901 794 465
935 229 740 385 356 182 278 217 128 99 732 497 289 983 667 863
592 663 52 30 685 862 571 992 739 664 536 767 635 344 395 915
949 620 700 728 508 904 727 257 173 237 865 960 353 281 120 40
303 867 756 590 241 37 14 306 166 471 74 16 853 797 