303 108 536 758 474 930 653 676 478 401 165 721 755 292 826 187
650 190 243 951 707 945 482 802 842 427 208 970 120 433 361 205
318 316 308 390 784 920 17 266 131 757 857 627 52 943 569 794
338 673 997 998 791 855 74 911 217 869 590 686 620 739 177 982
407 426 99 370 933 625 807 762 301 772 472 831 403 501 384 639
144 376 796 622 417 815 607 601 751 697 587 652 421 98 769 466
107 396 386 950 304 192 66 524 801 332 388 953 23 135 125 961
862 956 413 112 49 394 97 90 679 684 593 940 716 710 916 761
548 440 311 892 660 551 489 592 279 372 806 905 614 175 350 529
225 385 886 971 218 118 768 640 395 957 837 877 663 787 180 321
223 29 839 298 150 76 470 48 299 249 863 404 973 293 273 649
