809 187 644 654 920 796 616 657 261 268 605 508 932 388 298 148
555 994 732 731 988 243 706 741 400 951 640 479 470 810 735 511
56 311 629 216 156 580 785 345 686 597 367 60 864 314 546 862
317 755 339 652 851 704 557 291 610 318 628 93 667 368 572 523
430 649 738 939 418 923 520 573 134 477 507 820 791 41 802 412
63 926 53 158 109 550 575 622 763 319 570 970 246 943 962 502
336 740 139 885 971 757 717 189 49 361 792 691 348 983 953 80
783 728 906 969 599 209 986 822 635 736 102 377 459 253 976 390
323 505 312 621 294 215 289 944 893 436 192 439 723 896 500 337
671 827 936 650 705 343 782 451 73 324 371 722 30 22 655 788
365 481 937 6 316 612 