304 114 915 47 876 834 143 760 695 507 169 584 538 667 601 390
73 629 946 101 488 947 51 934 115 768 205 956 121 432 193 63
951 325 214 573 650 198 732 37 400 454 941 265 771 866 409 270
520 53 243 394 729 299 862 708 628 799 686 572 778 765 543 691
791 973 900 933 483 122 990 546 333 814 78 711 665 419 173 807
398 137 293 803 788 6 948 87 429 310 178 358 308 616 816 872
313 447 478 935 66 36 10 168 159 661 216 435 830 84 44 670 837
785 637 750 983 386 894 991 30 50 230 34 480 571 997 342 75 541
726 403 751 379 408 206 23 656 684 240 622 438 423 660 663 367
559 302 158 237 118 712 269 420 576 822 874 96 347 111 587 201
857 93 563 599 351 552 600 197 818 566 578 937 813 184 754 192
281 352 133 61 316 720 999 887 648 612 91 451 457 624 54 