755 374 610 220 9 778 909 516 671 192 991 939 390 193 50 982
890 499 749 858 905 509 73 24 75 184 473 161 550 279 370 378
919 647 664 379 363 387 859 348 946 521 72 612 974 514 191 316
920 677 77 580 700 312 510 702 227 384 744 828 448 730 264 439
489 99 704 276 763 465 851 798 926 214 942 732 977 617 686 389
271 587 605 52 707 831 181 944 235 21 745 758 430 533 869 584
729 860 133 853 867 843 371 888 757 494 643 930 342 433 183 720
478 222 111 651 164 132 803 701 406 309 705 486 607 542 613 422
46 65 337 495 84 280 753 644 32 910 265 940 774 138 26 236 35
226 557 61 69 845 241 268 736 272 586 927 567 16 907 955 985
885 573 769 168 528 129 48 245 450 632 916 408 314 599 