592 391 186 190 775 15 973 526 480 779 149 476 917 516 235 66
355 54 91 938 869 914 720 603 16 142 912 261 90 727 361 677 353
151 951 666 690 36 697 152 182 356 994 196 418 136 879 227 14
76 364 332 284 765 170 771 447 376 457 822 171 189 42 916 233
231 703 670 99 396 166 536 781 108 498 656 195 204 26 809 385
434 605 981 975 362 173 298 923 649 107 780 804 998 370 326 518
493 863 904 931 172 244 709 604 23 896 573 741 28 586 463 205
728 935 619 828 509 614 49 524 970 17 721 214 258 756 754 793
505 213 208 442 717 674 456 538 731 832 864 821 827 843 119 576
440 778 309 482 140 736 842 490 648 79 672 495 84 201 415 941
95 207 584 870 452 439 106 292 841 405 805 137 545 323 