719 10 609 0 795 601 927 326 486 266 625 854 55 31 387 547 297
749 137 275 789 561 357 166 302 4 793 70 72 21 958 432 416 477
356 589 870 979 182 716 278 514 3 740 64 540 118 610 705 822
661 185 580 525 132 375 485 624 176 799 270 289 151 149 336 632
251 333 552 834 77 762 509 20 22 325 301 181 101 219 703 489
672 817 530 272 777 263 695 783 329 491 669 180 407 150 532 389
582 207 154 235 873 800 928 117 896 86 435 312 579 920 697 954
203 626 510 515 310 246 660 269 871 280 764 664 111 904 457 200
520 577 604 622 518 413 860 556 259 892 826 668 401 127 807 980
736 868 907 105 912 946 147 643 136 390 619 291 640 425 828 82
724 467 300 374 693 381 9 397 221 841 334 177 443 433 438 549
339 690 430 378 234 975 585 722 517 803 395 307 747 959 630 