629 980 18 535 420 643 166 347 622 305 887 55 522 974 146 488
484 664 518 573 352 412 390 498 639 443 690 307 120 599 781 924
426 2 391 916 24 260 333 457 438 273 834 136 482 222 638 839
873 625 579 119 324 156 351 125 903 861 84 215 827 708 428 889
882 248 800 164 128 542 717 499 786 147 695 500 375 268 918 314
442 627 704 316 724 111 624 736 946 171 180 550 102 575 646 269
702 900 265 218 963 933 660 303 574 358 785 294 617 5 395 287
135 210 504 872 958 671 876 187 490 93 40 139 669 751 66 597
803 741 968 336 678 868 126 604 815 693 252 549 945 584 965 86
560 142 531 98 298 6 976 515 357 975 208 431 661 286 342 355
810 59 552 216 851 510 309 558 855 712 902 384 217 491 350 36
595 152 73 13 470 978 780 