86 211 488 652 946 498 143 475 208 938 422 104 548 565 619 992
368 404 474 984 281 711 546 704 776 894 869 15 495 331 907 794
155 905 464 690 50 406 461 75 603 496 766 120 720 147 809 556
677 803 973 252 472 456 315 538 517 176 532 795 306 244 778 128
871 341 443 683 131 882 102 205 599 535 415 313 815 309 162 463
200 620 831 33 660 316 87 604 396 254 407 455 95 54 513 391 990
845 384 490 695 536 141 637 165 294 300 911 110 846 534 609 781
303 79 437 926 739 125 940 568 268 562 479 646 204 910 583 518
608 398 924 621 964 808 798 611 227 746 241 650 731 780 576 880
859 948 764 998 101 476 634 668 654 960 970 340 71 931 665 321
872 792 689 328 740 416 759 760 826 848 923 748 658 327 253 643
727 484 710 119 718 214 