406 509 632 860 776 925 699 386 796 874 115 835 850 998 422 329
459 368 724 709 714 328 773 300 553 345 500 37 167 552 347 589
976 456 846 238 384 393 400 16 12 287 597 353 113 421 376 544
643 93 836 272 231 510 249 920 155 498 533 444 283 523 542 433
322 403 284 687 125 673 719 512 722 789 110 60 600 333 336 415
731 43 468 564 551 355 938 124 147 103 134 286 184 841 212 640
59 821 993 340 75 351 364 778 681 694 838 241 599 885 232 188
263 609 407 807 707 917 969 25 741 971 99 755 133 243 944 943
465 513 744 800 86 895 888 577 593 733 132 749 109 723 537 429
973 418 627 521 454 304 904 566 602 74 492 563 11 339 92 308
265 507 646 457 748 726 985 203 344 994 830 886 631 140 986 104
185 822 7 31 349 57 618 81 