269 232 638 386 892 825 440 584 197 106 180 556 920 616 942 572
509 761 139 874 7 757 626 318 871 115 117 618 145 964 52 833
119 759 756 493 176 662 46 184 284 54 437 21 455 36 669 564 570
912 323 593 330 708 457 566 743 795 378 768 674 281 921 233 724
217 486 166 432 43 806 807 776 359 125 360 557 934 306 850 242
643 730 796 110 996 241 860 471 567 955 24 431 899 975 853 539
954 997 146 852 296 223 658 945 38 250 100 985 844 655 491 168
515 550 288 308 289 508 637 738 215 666 769 349 712 418 897 113
908 399 667 947 904 835 78 374 365 640 907 97 507 944 419 249
628 979 599 854 766 396 777 862 858 251 553 283 30 80 886 683
698 473 677 448 57 500 0 938 896 247 390 522 