262 804 403 583 257 310 5 528 522 554 905 145 34 550 83 615 74
283 378 160 138 687 839 162 432 918 751 761 979 77 271 105 261
206 122 714 976 141 494 852 680 778 642 48 318 920 102 301 422
322 227 897 175 723 104 803 131 67 556 676 885 51 20 542 850
197 150 263 689 110 983 459 300 242 406 109 613 96 284 47 988
788 446 435 367 388 935 578 119 684 409 832 360 652 592 276 734
969 523 595 466 791 699 975 991 59 394 980 247 841 321 950 335
342 782 391 744 475 272 750 395 382 167 266 805 464 455 807 645
24 339 396 517 328 221 311 468 248 356 66 888 116 152 754 326
718 35 123 903 281 49 365 957 833 721 997 716 760 769 70 937
463 112 828 867 724 647 884 894 230 381 709 431 516 664 179 279
91 474 585 76 790 39 