314 993 390 654 477 394 406 359 705 820 707 817 183 432 575 189
91 792 806 607 502 908 552 779 122 623 304 849 800 570 421 757
887 772 802 790 48 750 235 198 960 278 991 533 274 579 709 82
175 514 808 66 516 335 664 161 770 974 630 207 659 264 386 975
38 422 358 37 125 0 172 418 206 452 652 499 129 63 149 61 200
491 796 706 793 635 83 309 244 254 87 435 114 693 155 345 631
177 767 57 115 493 684 317 966 542 565 219 216 85 681 368 21
919 295 294 482 322 624 259 137 303 232 760 80 900 263 768 306
54 292 840 157 611 625 891 815 104 187 713 620 444 367 881 994
718 518 973 441 420 221 621 639 143 283 715 774 685 251 47 929
204 882 987 702 79 133 487 852 870 928 943 932 291 