717 94 504 457 343 880 377 6 299 68 612 684 105 889 285 17 543
82 348 161 837 692 503 322 41 188 947 541 802 520 871 522 262
900 558 590 824 304 18 67 219 115 278 933 482 743 213 685 382
642 9 992 441 16 467 796 200 204 215 148 671 818 920 272 464
207 855 93 129 533 198 598 233 758 836 973 77 231 849 306 884
375 886 964 635 3 510 669 228 163 296 294 379 519 961 591 246
694 712 531 170 989 48 260 584 949 975 439 116 405 895 518 85
402 90 352 737 398 565 539 682 455 999 168 337 536 234 427 59
688 673 576 57 764 596 956 185 418 103 771 951 665 384 894 486
801 610 111 515 109 73 64 50 872 606 929 465 705 637 412 993
752 472 628 751 835 556 480 597 223 