754 990 467 774 998 83 586 12 746 582 443 386 333 64 955 557
407 131 364 922 519 265 380 865 808 745 207 161 28 959 517 718
831 6 875 408 799 501 302 530 437 34 939 53 360 589 445 9 541
762 863 926 291 639 394 74 452 757 0 212 855 619 871 148 92 769
266 340 493 909 894 554 312 354 253 299 114 233 706 805 414 51
323 591 989 667 136 72 87 454 361 839 979 725 242 55 635 770
666 802 198 687 562 496 673 881 432 712 778 683 817 25 728 50
202 442 685 247 737 316 32 829 321 688 739 937 23 100 17 800
522 343 304 573 766 387 4 324 38 441 270 614 251 884 59 551 170
35 853 93 583 899 678 950 882 819 351 81 716 690 715 508 835
930 934 740 897 164 537 713 45 814 403 842 796 220 192 128 893
548 785 510 935 658 606 559 434 476 615 602 127 