885 332 228 404 609 867 967 39 992 315 623 723 319 191 686 295
612 611 293 390 616 247 581 716 172 58 194 756 520 38 328 86
985 729 106 113 682 189 848 571 363 694 95 547 535 593 46 712
599 752 273 675 234 717 307 323 301 512 781 608 324 134 339 164
960 74 29 962 728 595 504 341 972 156 949 670 137 941 868 578
233 575 665 180 381 975 78 202 927 699 439 158 889 515 928 763
981 550 261 830 522 498 277 283 724 449 894 943 245 72 519 329
186 886 472 861 407 548 81 462 953 793 804 850 765 753 471 327
897 606 207 825 787 744 304 403 876 336 531 344 755 351 844 92
978 468 888 145 85 658 858 343 378 314 275 968 421 224 803 621
817 726 833 3 89 872 488 182 376 879 470 842 208 306 635 61 639
958 270 346 731 607 810 161 648 505 140 502 168 964 926 