308 154 36 742 235 447 802 542 925 503 692 343 433 434 777 800
775 523 481 604 632 713 737 698 162 830 476 881 501 607 241 85
945 824 213 383 560 640 808 29 512 236 930 970 813 442 521 88
42 371 44 293 226 34 621 709 990 372 924 461 909 683 699 973
956 199 763 839 688 45 150 412 89 895 893 834 59 322 694 454
361 159 795 178 14 63 279 413 561 19 111 633 469 659 382 568
884 693 483 100 195 93 575 829 618 176 7 974 571 4 620 535 325
566 171 132 288 529 981 129 534 80 141 190 369 556 719 71 950
854 960 408 944 172 685 599 627 221 110 877 281 310 331 547 163
438 75 946 122 771 81 443 194 228 269 233 910 185 641 316 57
722 982 411 298 528 750 373 926 458 651 43 905 770 580 617 