156 93 512 305 356 683 588 50 218 6 7 402 182 283 760 355 404
882 772 900 487 277 799 992 653 679 153 550 372 119 806 723 781
757 107 349 610 262 132 803 762 175 919 793 912 203 51 601 644
430 861 894 943 532 371 990 631 89 123 826 252 941 200 233 807
324 607 675 835 822 484 362 310 889 492 546 824 954 659 843 523
925 246 648 465 577 456 191 865 385 558 864 445 12 942 599 90
446 337 489 167 697 708 330 478 173 436 230 555 505 621 113 140
288 539 847 576 862 149 159 347 891 267 157 965 272 80 548 63
986 635 615 486 970 227 388 732 256 236 399 136 117 638 575 603
49 499 278 790 761 628 730 144 738 438 975 572 977 45 517 907
287 201 340 176 768 369 482 109 46 586 439 893 101 922 151 