742 530 70 958 327 615 553 119 736 919 353 27 224 724 80 408
914 884 388 972 573 406 170 370 15 21 957 682 483 303 628 631
428 476 534 74 465 72 262 933 466 67 332 330 730 93 759 6 704
612 660 565 51 459 729 570 71 40 415 151 596 900 996 913 212
915 702 838 196 645 663 715 712 225 772 449 470 152 280 0 44
632 166 833 188 698 381 157 61 623 403 3 735 275 984 840 953
35 975 579 363 536 448 452 364 46 849 482 319 686 396 8 799 472
311 850 135 787 176 375 503 867 252 82 367 564 156 309 142 343
318 32 134 258 234 938 292 988 173 69 256 337 277 583 217 481
969 294 159 893 489 91 525 986 223 723 433 249 775 967 498 590
305 328 760 64 770 139 