804 82 378 211 624 478 184 883 491 350 686 542 700 647 990 113
755 573 93 42 750 220 23 430 240 831 913 606 187 790 560 797
803 500 781 680 299 543 826 92 284 745 403 646 830 902 178 967
11 612 935 368 414 157 567 476 892 751 301 258 188 227 608 657
488 385 313 961 512 994 367 926 910 643 337 5 740 559 116 346
714 496 866 451 323 460 249 2 835 792 233 1 193 603 169 190 354
904 791 200 775 842 107 578 596 996 457 666 802 50 978 676 774
246 877 738 389 713 60 151 318 196 253 388 168 888 678 951 960
136 989 828 656 426 149 314 79 867 425 345 865 53 607 372 66
677 798 915 769 583 133 898 64 530 86 687 454 744 675 558 279
315 980 38 428 353 33 370 141 138 587 335 72 799 58 966 940 557
259 565 