894 639 970 297 320 454 534 799 589 70 487 606 235 851 179 477
798 993 561 664 817 363 57 721 38 738 165 936 539 941 16 509
373 19 992 867 309 413 767 344 562 652 517 369 789 471 207 288
631 536 438 158 559 786 237 987 571 528 548 26 967 612 735 724
888 582 610 712 406 349 903 898 96 543 154 198 108 160 45 991
126 196 294 374 951 82 843 162 91 947 333 21 376 889 500 134
513 976 790 602 345 404 714 43 788 186 253 467 383 686 973 964
422 700 952 245 540 722 224 459 365 649 824 303 252 312 892 605
411 265 752 769 183 211 741 679 491 623 864 982 462 112 840 946
730 659 455 893 660 969 348 458 93 681 250 2 569 480 436 913
168 928 983 901 923 678 516 296 313 977 448 805 172 926 688 915
847 958 792 292 446 927 266 783 599 954 957 375 403 803 584 723
696 953 565 972 826 150 132 624 