733 686 932 218 965 47 768 687 503 191 967 859 785 944 561 393
708 606 820 709 449 220 613 748 53 823 766 979 347 852 895 467
12 890 500 54 250 692 373 382 3 367 521 477 904 746 828 891 906
565 626 96 706 118 311 421 356 125 400 428 742 132 434 754 646
554 549 235 672 621 719 968 912 819 392 841 956 863 624 786 512
896 602 33 146 1 110 953 412 344 652 794 824 930 485 291 637
684 545 179 229 397 153 424 238 501 306 475 984 188 357 181 481
651 295 769 560 986 551 802 567 814 221 636 635 669 494 341 418
458 334 505 256 855 854 466 80 667 806 524 378 175 928 222 217
862 889 644 833 129 415 710 576 699 511 714 867 914 573 214 555
169 148 24 992 781 617 955 963 157 683 770 775 14 681 389 598
544 982 72 898 492 112 698 133 588 