228 882 503 162 413 340 459 627 55 900 541 677 852 154 877 904
220 74 132 789 910 309 375 689 568 281 415 402 482 68 492 830
143 805 246 750 299 961 654 172 333 634 382 262 928 100 89 880
542 361 288 5 639 943 716 174 647 453 616 264 878 310 12 523
308 953 520 740 916 539 839 48 777 738 168 78 822 942 461 997
232 838 529 534 444 949 758 848 113 111 388 998 638 378 960 583
963 92 785 588 59 747 925 921 169 199 259 745 842 389 751 446
377 980 874 753 850 224 755 287 666 498 576 675 744 698 208 730
18 824 364 271 829 557 411 475 707 757 606 929 62 230 127 662
605 371 429 743 467 774 421 349 884 67 516 342 398 141 846 486
437 714 491 52 417 768 346 106 585 856 383 566 867 195 380 521
