294 904 384 109 947 189 483 965 382 766 307 191 826 568 897 20
31 203 583 632 432 297 249 523 235 2 150 443 706 451 33 268 216
444 678 121 581 943 710 289 787 462 193 365 877 148 646 426 8
184 123 621 74 269 347 961 450 556 960 41 900 80 155 107 366
755 346 408 703 295 815 299 977 846 944 856 28 377 800 973 424
882 315 371 118 576 309 477 612 919 352 253 968 332 917 489 91
38 727 398 588 970 254 642 700 619 459 962 494 573 627 541 905
659 832 527 988 749 471 645 940 613 894 201 275 242 453 181 677
614 157 534 58 336 430 125 587 824 409 802 644 84 196 822 714
468 370 795 52 339 570 821 26 722 19 405 399 229 421 630 404
996 4 808 590 794 931 637 328 547 427 287 243 131 505 210 476
305 767 552 805 781 259 77 53 871 979 517 544 898 361 498 79
234 431 731 652 42 