85 280 635 515 657 442 411 234 987 638 569 775 111 889 180 306
844 873 991 969 981 671 59 919 68 878 546 549 159 254 389 542
12 142 941 439 237 761 694 728 807 110 245 492 541 989 959 464
431 5 604 806 737 215 359 896 641 284 858 652 646 877 762 536
624 286 451 93 224 427 726 801 524 967 847 870 899 563 855 422
879 445 199 685 849 548 44 864 960 925 985 720 832 285 770 378
487 183 122 589 287 149 479 874 525 398 903 339 39 996 661 918
446 376 436 798 862 76 489 37 523 87 522 227 949 99 268 415 697
593 187 861 755 304 482 82 994 57 317 601 731 850 859 752 171
738 609 952 475 8 786 29 220 872 659 999 229 363 273 144 910
135 890 580 709 483 48 510 977 64 669 278 97 437 466 31 