148 584 375 634 354 0 499 265 579 400 713 123 342 874 178 655
310 463 654 644 614 494 872 61 698 205 505 612 291 676 198 935
504 58 639 168 875 314 971 754 179 944 570 452 278 666 517 421
846 78 445 10 520 502 817 513 772 100 435 157 735 620 151 333
99 334 914 51 915 953 849 762 477 737 833 758 176 714 613 274
812 598 449 695 682 587 264 174 471 586 964 22 885 622 371 899
474 104 629 442 281 379 195 689 96 191 15 408 418 237 984 117
428 572 985 444 528 761 800 84 534 720 575 387 50 866 904 74
721 950 955 210 60 367 302 170 751 436 306 348 388 303 145 224
131 783 518 512 426 843 5 113 785 883 645 305 476 18 453 158
129 742 245 156 329 541 617 14 796 643 961 990 825 112 48 255
27 857 19 