26 445 916 501 890 399 884 691 682 174 788 117 843 119 63 374
791 743 156 724 62 186 329 57 819 195 610 878 749 815 198 858
89 723 552 939 176 190 777 352 252 498 647 904 76 210 450 621
849 917 300 755 925 928 455 835 509 539 299 838 99 331 406 257
161 204 91 932 943 334 668 650 470 296 497 899 687 641 830 900
598 970 923 439 471 255 720 828 841 741 673 494 626 12 808 958
152 642 566 221 102 163 619 865 315 103 883 263 428 244 595 429
839 177 395 332 407 247 135 188 831 74 930 18 480 73 681 860
810 887 134 645 469 127 975 762 634 113 323 52 393 659 794 277
729 517 388 554 535 782 574 146 360 564 736 87 160 362 335 172
402 347 820 223 338 88 644 541 683 717 792 853 857 456 292 496
868 168 602 