568 673 670 22 846 748 867 490 595 489 593 386 655 659 297 845
387 958 852 524 723 9 230 179 374 578 109 875 63 76 315 550 847
511 249 251 400 20 141 26 82 325 331 634 572 651 819 49 135 579
610 445 60 181 622 637 903 689 265 937 412 355 722 869 222 988
800 539 770 946 443 212 599 575 760 365 674 983 940 828 157 134
807 811 533 280 880 730 570 226 58 269 6 775 482 231 894 540
974 72 235 207 369 200 577 935 424 574 509 12 317 273 739 164
218 701 918 521 923 586 481 402 215 528 663 991 338 642 792 941
781 74 931 700 953 194 52 27 664 553 823 924 336 132 334 614
713 61 537 753 734 206 761 40 488 836 370 411 698 86 692 196
469 337 178 699 255 545 