839 412 852 100 65 955 108 860 679 57 808 468 660 623 26 995
604 134 202 672 110 437 731 876 559 383 691 873 739 639 158 363
326 83 750 135 997 226 13 139 821 544 169 289 708 922 588 894
76 532 302 186 599 212 374 536 827 996 415 269 491 614 109 826
782 343 735 936 316 763 353 515 751 633 414 526 823 122 636 699
886 94 282 402 485 549 703 634 86 521 547 912 628 439 442 748
575 121 54 945 12 55 51 430 991 448 668 501 563 570 95 198 453
764 74 749 641 847 17 801 878 602 519 968 35 666 372 125 744
450 571 399 978 428 190 92 861 389 214 760 258 257 219 440 966
304 471 723 487 454 16 993 969 284 199 998 147 220 562 621 627
815 366 956 874 49 670 82 928 460 832 