811 997 192 526 702 336 456 639 937 801 359 565 485 857 216 297
686 904 134 433 334 117 166 130 694 515 963 394 899 285 446 308
137 301 316 272 131 578 550 568 897 846 999 845 630 372 929 967
324 180 562 474 495 763 412 361 545 327 289 692 328 632 976 947
974 114 888 66 881 377 355 813 161 154 661 332 812 254 804 385
779 29 722 416 552 893 463 600 260 281 876 934 658 965 469 337
599 80 23 931 291 543 290 753 690 236 755 778 607 120 587 887
538 220 152 267 675 848 559 815 376 410 19 593 789 379 467 234
249 129 865 867 85 836 71 912 505 788 499 388 487 792 671 585
347 803 16 295 680 724 441 6 475 348 989 142 603 451 703 676
167 357 696 894 274 549 22 952 743 369 996 37 198 594 504 885
