317 180 330 601 331 784 744 657 164 766 326 488 688 102 366 919
425 120 644 695 983 693 986 684 506 19 619 566 334 429 675 598
114 703 379 974 446 900 111 55 462 989 737 85 697 964 496 395
8 275 712 980 123 206 587 432 767 483 720 902 950 100 881 103
899 584 750 190 831 65 685 430 895 759 299 270 886 722 372 755
747 515 86 333 179 802 394 479 548 298 105 500 581 717 725 200
75 977 839 521 286 681 375 909 238 294 325 612 177 304 887 646
144 416 121 20 772 3 402 984 277 233 301 264 284 822 945 575
879 894 22 664 710 510 792 224 40 47 859 218 990 489 958 605
558 773 791 633 799 670 90 259 726 374 579 449 708 812 789 147
295 134 279 889 523 524 254 804 596 319 484 37 155 0 501 709
939 756 858 526 494 788 854 825 658 17 