870 438 351 746 685 883 674 82 647 627 707 211 661 36 174 635
403 420 896 652 262 985 849 878 25 770 415 226 733 423 123 916
367 678 742 703 104 852 835 596 611 337 295 160 201 532 202 299
940 392 38 836 958 441 804 120 921 83 275 364 641 417 605 113
59 987 744 383 684 997 876 648 719 518 67 80 325 813 321 495
105 632 151 16 694 681 571 236 169 841 680 823 21 84 840 830
580 572 440 303 546 780 483 460 538 442 69 890 249 314 284 27
479 425 651 186 121 731 718 760 812 776 140 975 576 393 808 664
361 381 932 476 499 526 819 408 439 462 200 665 62 964 491 702
815 778 710 772 988 40 473 6 368 937 166 745 537 31 803 320 799
18 307 970 949 389 508 247 221 73 156 317 137 138 705 285 269
966 673 8 434 562 427 838 708 950 701 951 