533 302 524 748 940 158 44 848 823 494 814 369 453 167 46 363
504 296 130 885 150 119 924 699 661 88 598 75 551 816 245 698
616 399 896 80 186 978 111 463 464 994 320 583 671 21 923 717
939 507 948 401 135 733 791 146 109 864 849 850 254 957 269 873
379 817 746 54 295 531 220 708 800 881 487 61 70 235 445 943
381 443 326 263 172 739 750 673 591 303 694 944 483 993 712 609
274 636 895 338 786 447 171 490 503 18 284 371 477 773 207 33
560 718 710 898 307 525 856 960 181 103 567 942 166 97 39 278
556 244 7 219 42 571 22 626 999 600 28 953 359 136 830 230 313
772 777 101 595 66 125 137 659 521 847 564 537 390 249 655 981
348 