361 347 90 599 705 461 210 600 741 332 810 96 411 521 320 122
54 944 630 585 495 366 214 243 265 558 639 469 607 185 560 330
691 339 259 47 406 225 169 313 234 646 344 823 914 77 745 977
667 853 149 304 43 640 108 730 111 734 486 471 417 767 103 460
804 340 865 399 626 227 449 765 462 443 254 620 912 208 835 146
145 151 692 781 528 746 845 871 435 848 937 275 662 952 32 410
405 920 341 818 217 343 586 391 160 503 988 925 329 438 477 209
675 302 922 592 803 959 318 941 336 617 500 283 609 55 753 499
337 101 293 616 868 929 921 603 915 782 474 542 204 565 286 309
404 311 673 843 738 60 75 338 564 510 45 369 121 16 759 392 79
266 200 168 579 