50 937 73 238 673 561 536 47 576 621 634 501 212 70 158 528 272
888 234 995 785 180 163 161 556 851 172 85 867 575 717 963 852
482 701 659 400 300 764 891 435 475 246 686 406 807 41 946 639
149 411 923 393 724 229 874 391 477 917 193 906 113 354 367 296
649 565 103 619 662 120 30 114 447 344 128 985 700 860 829 907
811 446 824 542 924 462 44 890 630 205 857 967 591 16 757 116
666 837 51 317 121 206 632 665 849 862 977 581 728 35 86 279
994 98 72 262 703 130 329 56 392 164 10 418 5 566 756 911 936
88 321 371 359 689 820 223 399 878 366 841 752 60 856 18 425
755 434 865 80 660 505 470 299 452 626 968 999 220 638 648 751
358 914 363 139 940 558 828 362 467 690 403 927 253 