454 303 730 931 198 968 743 559 773 69 36 637 913 636 119 487
947 364 522 64 214 572 867 45 352 466 162 759 989 294 24 258
156 370 145 952 433 376 316 68 984 94 610 337 672 75 942 354
380 988 863 792 930 938 682 521 612 879 978 49 290 746 738 768
986 334 293 491 232 946 885 884 239 250 729 673 553 20 563 85
339 348 925 764 157 259 868 122 953 576 889 526 446 315 268 121
151 481 756 417 977 793 822 567 358 542 709 999 504 23 419 371
617 373 769 520 755 741 395 967 134 837 317 186 92 840 450 350
570 640 325 285 796 81 934 548 670 635 655 383 144 787 705 782
550 346 264 467 712 786 853 747 630 115 470 751 723 216 911 591
494 531 257 384 949 900 725 622 147 202 399 615 716 340 510 774
14 204 