494 399 867 311 623 394 130 503 959 335 260 217 182 716 687 339
302 666 165 940 825 956 28 350 979 885 101 840 105 456 726 511
252 656 332 598 109 319 670 144 321 614 259 178 235 627 801 374
186 931 741 630 405 473 180 198 441 269 192 423 727 594 769 897
820 951 442 103 706 326 984 509 914 9 632 142 21 780 239 542
303 431 29 946 5 42 922 47 97 480 847 522 672 680 648 641 386
12 168 830 902 16 108 839 143 645 508 277 458 525 644 159 587
620 721 766 122 556 307 358 786 357 70 445 723 888 486 539 106
904 183 753 379 256 889 693 479 273 624 151 555 214 362 119 417
39 719 963 653 738 8 704 330 898 745 966 629 123 748 363 557
276 500 949 515 408 107 429 211 580 341 571 818 227 