908 848 968 729 620 728 909 309 967 877 910 970 675 839 471 178
436 343 641 806 634 72 458 301 65 357 601 745 421 207 872 319
3 486 923 408 523 234 370 914 235 121 141 710 406 496 508 31
164 381 651 26 677 546 573 56 754 259 139 133 982 533 557 543
678 683 146 860 292 735 673 91 197 639 868 711 564 857 608 324
342 308 876 869 718 68 4 36 8 818 957 672 527 126 217 849 995
731 705 469 262 168 395 592 895 33 227 195 438 785 222 20 455
605 449 899 205 878 920 539 374 706 843 896 950 658 730 46 566
223 689 63 2 265 759 369 64 690 924 78 332 118 189 901 151 264
799 831 805 828 821 70 473 505 390 437 288 773 625 642 77 757
822 350 459 435 596 875 562 18 767 944 553 874 597 211 460 842
