688 673 790 450 86 305 809 108 730 359 928 266 4 306 894 366
597 109 273 252 11 999 672 221 921 35 713 745 830 471 84 608
13 717 623 12 553 703 473 685 457 529 424 891 308 796 149 505
463 581 531 854 135 776 640 113 203 927 121 971 577 909 241 655
650 963 770 155 843 300 336 802 375 280 58 627 550 309 816 349
868 788 485 127 79 907 860 663 718 299 883 873 589 77 899 714
264 733 980 900 842 757 583 791 173 410 57 711 755 814 369 695
648 838 452 975 771 404 354 381 357 930 712 660 904 303 549 592
140 232 490 45 536 680 170 117 893 395 616 383 573 364 379 858
397 448 888 185 344 832 24 31 880 610 178 408 137 115 925 803
829 431 65 588 263 27 403 651 766 454 815 342 995 215 737 14
269 607 557 976 548 748 391 39 167 895 572 783 326 853 106 