944 31 136 80 392 644 112 780 680 690 65 729 770 402 220 656
967 446 893 601 892 435 75 224 558 861 750 270 273 971 635 328
199 889 133 485 132 476 369 528 950 918 477 407 333 647 310 334
898 907 518 954 492 802 207 46 53 21 769 147 777 18 282 968 542
150 106 855 188 10 404 621 271 438 537 981 534 976 158 937 605
678 216 726 225 427 508 828 57 582 857 459 963 23 538 583 293
522 812 466 628 570 555 34 786 730 642 943 800 805 980 718 2
797 184 748 359 727 431 218 317 631 101 590 531 764 658 825 432
81 252 145 881 713 177 444 646 630 962 815 294 653 430 988 250
172 45 265 385 374 520 745 541 454 309 704 987 877 953 888 663
16 411 637 667 6 299 460 588 