224 456 618 561 216 462 887 665 763 84 171 136 131 76 218 92
476 158 677 20 802 21 735 781 415 820 776 752 667 105 544 896
613 910 768 34 82 470 55 56 347 952 457 532 683 318 387 657 128
639 724 14 674 31 940 30 335 587 437 23 305 278 370 570 388 998
381 97 106 810 466 621 595 943 519 194 431 444 958 125 28 206
293 817 350 42 478 323 698 202 486 789 32 48 589 770 591 885
419 102 908 107 554 499 997 514 886 250 538 414 421 328 445 989
103 461 762 668 418 551 263 903 112 941 659 717 349 632 231 568
98 971 967 393 634 839 497 416 60 409 244 359 400 467 463 705
956 718 553 709 635 44 1 695 292 357 751 915 403 805 697 559
401 