997 531 52 209 817 347 202 192 767 590 984 503 422 923 624 354
689 727 92 298 105 467 753 313 819 411 906 368 402 459 43 409
942 875 758 910 516 852 777 169 143 339 190 672 544 77 790 68
211 708 341 543 841 41 967 509 861 874 552 986 187 952 720 40
359 385 218 805 299 87 137 290 800 833 274 236 132 439 281 519
707 783 72 24 151 844 448 658 928 351 886 119 155 803 433 901
921 987 562 596 746 247 219 479 822 586 99 474 522 882 918 713
836 890 847 818 755 523 754 304 265 725 50 270 576 84 857 914
555 820 759 406 971 812 891 855 25 110 379 148 81 659 979 528
670 619 870 2 505 931 784 867 96 973 242 475 993 584 79 380 612
305 917 814 898 877 146 702 762 221 176 693 975 477 534 