598 305 280 486 539 611 262 156 317 631 553 206 588 312 763 558
901 758 557 363 210 966 767 815 82 976 782 827 709 183 483 94
477 331 39 845 180 304 998 302 291 25 733 303 533 918 461 811
677 293 273 522 111 447 765 507 383 112 542 916 466 590 334 116
164 504 839 299 790 58 750 403 15 610 703 85 801 42 529 891 520
676 469 543 423 476 301 768 137 618 627 737 496 852 757 613 684
619 500 241 949 341 667 825 512 240 735 764 772 436 823 229 342
602 8 567 69 788 663 580 970 353 880 830 330 803 831 323 46 430
843 414 795 222 834 958 754 43 770 295 965 377 62 205 875 614
357 994 854 198 7 175 102 668 941 862 637 923 914 582 658 26
766 950 61 