252 438 949 439 294 752 798 48 341 776 292 714 306 184 951 911
779 523 836 514 209 63 697 88 304 598 559 142 200 995 760 788
970 67 473 755 728 786 77 407 187 548 147 449 518 731 569 271
436 707 305 434 478 820 471 967 687 969 887 204 817 811 139 560
162 39 30 946 853 881 775 233 47 565 645 193 535 495 283 898
42 860 574 445 943 681 474 861 493 924 51 223 136 270 122 168
125 959 913 699 686 764 793 965 41 517 694 955 660 544 236 750
70 488 328 936 830 93 420 319 102 8 86 734 615 555 974 496 311
146 295 385 805 507 727 330 393 679 7 919 485 757 754 352 380
179 240 730 291 950 363 537 178 354 237 174 698 399 301 510 282
91 557 759 383 114 831 570 894 546 19 851 515 429 538 749 448
839 175 859 213 344 129 303 742 576 145 373 131 368 708 486 772
402 957 634 115 923 890 554 487 