125 254 597 742 76 556 509 168 52 502 114 685 259 739 165 328
194 476 824 285 625 924 723 361 91 550 956 968 394 58 118 667
244 273 497 155 69 962 792 752 712 879 156 726 722 677 642 941
785 637 576 96 921 582 978 942 840 14 718 541 720 825 801 371
856 193 687 201 279 789 505 776 436 38 503 358 862 181 546 236
224 252 410 133 468 292 176 351 25 649 629 88 880 428 731 510
191 633 812 859 650 934 405 374 83 542 766 206 872 34 51 948
36 486 216 18 599 795 62 93 245 867 804 568 984 409 169 398 646
385 470 764 178 790 899 492 761 700 905 857 887 898 928 526 518
996 420 139 381 964 49 363 298 821 64 769 97 412 70 945 90 613
