380 546 564 551 63 463 465 229 867 202 337 103 206 398 601 636
966 162 767 475 209 492 401 212 141 464 921 303 793 794 721 195
255 266 900 771 580 387 263 878 85 883 146 501 317 130 420 321
660 343 824 358 460 876 52 71 507 634 650 452 357 624 973 283
30 873 262 354 480 447 214 807 455 541 35 856 599 591 187 312
756 481 723 552 48 228 639 563 622 742 658 61 903 539 543 334
79 582 560 253 372 600 535 124 690 100 120 927 279 712 545 562
230 938 874 183 529 768 87 996 168 962 147 568 345 207 729 421
940 882 311 791 430 290 579 612 772 969 754 440 500 477 137 547
277 576 920 607 422 416 817 586 62 666 394 857 971 628 889 56
641 404 831 347 975 385 265 797 617 713 963 