610 912 921 723 71 408 322 694 338 924 131 249 154 828 313 727
579 371 728 217 627 204 589 386 446 207 272 926 557 189 755 42
540 922 876 585 479 529 705 750 183 565 138 716 427 284 164 874
435 382 929 768 8 23 613 401 274 580 506 605 858 820 305 913
700 618 268 146 970 709 433 843 509 143 950 181 844 33 303 564
652 625 250 949 991 604 975 187 842 414 162 344 306 800 436 535
831 79 6 340 545 370 188 442 218 630 936 719 520 367 663 283
675 51 881 756 3 666 799 157 883 989 364 899 379 347 103 7 481
161 749 81 523 966 713 870 53 622 36 717 649 49 780 601 144 677
365 778 464 304 911 251 73 738 672 12 735 648 958 269 508 731
996 710 316 151 984 626 453 492 875 258 837 348 582 225 959 552
573 544 724 265 97 944 751 77 454 255 676 486 100 440 624 230
456 963 357 993 