967 247 37 456 210 72 875 401 574 15 576 317 589 661 398 728
310 837 397 344 793 847 461 538 184 913 680 891 215 427 475 984
869 261 945 445 275 557 525 655 828 460 700 580 790 877 865 289
694 96 305 466 198 189 764 625 855 878 314 664 193 997 544 832
974 508 428 144 920 894 966 211 315 290 822 359 645 531 451 355
824 237 171 501 935 12 640 726 873 136 233 424 312 949 485 893
95 737 727 840 190 208 951 800 750 180 693 551 354 562 774 438
510 762 584 358 376 403 588 600 566 702 507 334 271 520 993 412
848 970 512 798 349 946 707 810 657 4 740 736 884 110 972 98
283 8 770 929 794 139 900 342 472 357 140 825 474 186 292 670
229 665 958 