363 822 190 398 294 422 225 372 902 131 474 406 953 58 603 113
827 436 241 556 130 347 536 479 757 521 656 732 233 495 145 817
660 711 508 142 266 191 667 717 888 386 10 808 222 689 668 290
419 34 9 999 654 929 397 680 726 572 699 217 836 761 765 270
672 227 595 267 369 216 313 614 102 781 982 607 424 133 438 94
535 718 95 787 891 273 659 716 430 610 594 297 42 528 639 532
593 158 697 306 547 228 604 586 801 210 563 0 339 858 426 378
511 23 901 859 359 743 849 410 65 744 663 759 688 803 609 338
114 69 580 851 375 584 683 871 553 334 291 729 194 804 785 107
186 800 760 611 256 259 280 465 105 524 413 766 119 882 247 431
715 198 948 763 489 543 30 329 239 969 570 598 165 896 565 548
390 211 264 176 457 939 485 388 192 676 44 482 25 957 908 