84 362 949 987 818 202 694 29 87 85 674 768 679 383 701 148 112
299 570 127 307 529 147 135 439 655 262 494 218 411 427 556 617
619 715 943 923 561 646 687 880 237 110 408 277 832 364 432 774
465 317 263 977 606 805 544 62 285 478 52 897 986 40 106 637
919 742 196 452 212 960 137 710 663 105 437 525 416 113 669 803
709 370 735 958 170 700 64 341 853 206 685 230 673 396 508 928
477 782 385 219 576 859 851 903 374 959 930 875 926 455 650 683
417 861 294 174 415 973 616 457 955 14 537 90 684 325 948 34
169 765 535 712 454 398 671 661 42 177 295 866 964 908 913 531
547 387 20 41 503 349 651 714 259 688 602 78 766 680 842 981
979 