762 183 288 508 610 74 681 462 922 230 937 469 515 404 743 349
512 711 23 37 15 623 496 833 754 736 853 289 934 50 452 90 8
558 612 339 594 996 522 197 215 373 766 885 854 418 303 847 66
657 667 866 409 94 351 185 930 168 68 678 967 519 894 444 523
25 133 414 463 749 416 563 659 478 219 39 269 901 241 706 471
865 420 926 771 116 107 528 537 647 35 443 805 907 91 581 190
770 828 989 77 394 390 255 622 368 276 246 320 300 531 664 343
63 891 410 437 492 928 870 825 402 225 852 652 355 641 535 980
326 988 261 149 384 615 737 830 117 360 806 180 0 291 61 747
216 467 514 405 859 550 209 305 732 321 104 924 878 843 670 439
719 21 