680 573 70 257 112 367 832 294 688 194 496 427 401 263 152 357
982 842 946 25 637 54 529 312 21 127 154 236 1 886 216 586 478
934 133 35 863 289 408 149 540 964 47 190 173 98 277 402 697
783 428 723 130 199 493 446 491 925 460 471 310 514 266 232 461
893 418 773 737 817 110 141 631 583 881 762 283 599 924 392 203
704 96 16 869 303 243 404 286 903 779 50 389 916 86 738 113 400
23 921 73 849 213 55 749 90 560 306 784 969 231 40 962 63 694
892 352 477 109 642 950 512 611 626 968 505 103 500 845 744 60
782 517 241 855 665 538 49 225 10 805 819 229 545 682 30 652
378 32 254 938 693 645 667 399 593 406 282 720 556 198 912 122
429 608 653 415 28 340 577 900 348 926 420 521 519 530 147 979
269 177 439 541 123 365 918 230 300 873 451 882 789 978 707 423
452 46 543 355 831 180 160 