989 287 825 487 931 122 469 47 801 533 16 148 627 637 233 757
765 498 360 914 478 535 984 957 789 850 401 414 419 78 988 895
103 450 93 116 732 394 532 194 306 522 951 160 174 165 12 431
95 511 538 708 611 83 138 353 933 279 310 344 472 151 211 824
701 943 549 356 714 926 125 11 702 198 509 0 391 415 101 616
608 461 811 441 92 687 737 869 585 381 149 892 217 290 916 87
313 335 145 248 197 786 936 74 960 555 163 736 617 837 780 210
898 232 339 790 255 167 806 34 572 193 995 638 291 769 109 655
878 715 863 591 693 586 492 920 513 277 375 723 309 420 841 337
981 68 565 508 295 253 212 976 434 873 467 482 268 355 161 818
237 779 710 651 