743 156 312 535 538 673 520 14 301 454 467 653 958 39 555 978
57 188 839 512 593 702 470 803 216 513 192 591 569 461 811 429
142 99 642 135 498 75 736 138 878 923 724 620 42 849 917 893
641 11 115 387 723 449 695 810 425 781 191 194 18 760 358 382
303 930 275 210 95 628 575 286 690 164 389 880 220 15 435 484
778 570 55 497 627 866 489 559 392 488 993 369 991 968 752 837
353 368 819 165 491 573 889 89 509 70 316 947 244 167 881 768
577 927 502 298 323 963 599 452 343 96 705 84 23 551 299 649
290 108 245 428 965 631 830 215 605 97 10 78 266 297 445 566
732 123 200 259 206 181 33 676 900 433 624 381 651 367 13 737
48 305 103 826 205 806 771 458 974 585 926 511 776 64 578 829
582 920 256 