355 650 28 880 75 937 570 15 940 21 952 481 887 752 109 88 423
219 273 796 97 999 250 415 217 811 931 301 983 223 145 367 978
697 305 366 76 989 795 686 195 712 689 871 942 608 609 785 772
460 628 1 228 864 874 814 501 45 559 825 521 749 14 119 130 60
101 927 338 99 589 373 268 549 647 114 461 604 961 594 247 136
179 974 395 262 939 530 687 741 845 322 684 407 572 133 105 112
943 56 649 38 743 175 577 291 374 68 636 117 568 58 349 685 326
611 525 69 100 555 158 52 756 464 439 958 892 193 988 293 828
963 113 95 152 631 209 945 455 376 711 412 94 499 313 936 671
494 992 191 388 588 264 888 18 539 715 214 332 491 769 165 50
213 403 921 459 267 483 597 773 237 627 668 427 637 802 314 897
187 867 986 800 524 354 226 571 134 