207 199 66 974 451 683 512 631 230 295 575 448 746 349 418 208
873 42 191 938 816 310 820 123 970 578 194 562 696 251 106 20
370 303 275 85 528 361 142 289 555 874 109 229 189 865 662 773
700 491 260 517 242 763 915 420 673 660 180 219 55 416 570 452
131 963 945 286 313 884 455 166 373 647 101 461 330 731 743 220
318 699 499 985 210 215 766 604 646 178 30 133 154 840 818 587
952 46 796 904 799 717 95 240 510 654 209 905 532 834 988 146
298 783 170 490 130 571 450 422 823 574 789 383 11 437 221 270
353 355 467 641 500 750 672 299 308 954 703 937 990 311 252 778
917 667 5 366 457 200 538 993 809 838 231 141 751 132 652 300
670 423 860 277 812 727 881 805 577 734 57 826 