468 955 882 621 883 154 565 119 168 90 14 82 80 402 130 684 350
5 836 679 283 999 779 257 633 510 235 179 714 330 52 318 514
334 776 648 957 81 579 852 659 162 685 248 778 188 847 835 705
363 75 123 55 282 169 768 858 103 44 757 537 668 395 127 888
952 232 826 998 142 116 117 221 660 628 341 304 401 641 171 313
691 174 711 183 505 932 37 438 587 650 696 465 26 893 575 380
576 358 671 929 658 477 595 755 895 419 486 194 231 710 649 275
386 447 285 161 881 521 432 139 94 970 918 864 252 974 837 544
62 77 763 448 845 417 912 129 900 492 427 906 382 209 522 328
524 585 112 13 964 15 948 87 254 145 387 30 930 114 854 273 661
766 36 420 392 95 