889 80 591 554 845 525 9 390 141 303 843 456 661 29 90 158 51
506 529 990 196 130 261 260 894 705 891 10 287 227 966 225 64
631 857 378 241 84 897 949 623 240 995 245 712 564 389 758 73
234 778 237 792 319 135 121 348 673 248 359 759 404 861 3 16
510 402 323 654 471 959 415 826 991 948 612 589 103 427 306 607
800 721 166 491 603 829 146 865 660 224 21 956 236 734 530 142
951 731 154 540 754 284 933 655 194 636 649 229 99 590 361 40
109 665 350 853 446 17 980 994 697 498 327 531 596 899 664 648
656 341 113 95 5 452 926 588 641 644 876 266 412 914 977 244
536 33 443 215 14 377 28 781 733 756 559 880 93 927 806 684 749
790 613 616 53 999 671 219 466 405 336 541 139 457 208 419 795
832 