788 588 474 407 984 342 315 405 546 710 187 19 292 233 414 177
229 523 82 615 57 411 367 417 887 148 970 641 510 279 277 138
372 721 258 565 724 905 349 44 185 717 880 734 746 46 478 820
377 992 248 995 472 134 406 477 539 779 400 850 691 333 257 599
493 47 861 458 26 445 300 941 155 638 211 952 240 149 35 237
890 106 24 813 282 150 506 742 245 469 165 944 988 399 745 611
586 856 381 733 344 525 974 485 868 68 8 838 286 444 239 760
109 994 136 841 318 36 14 786 711 528 295 949 997 427 635 21
434 204 978 388 903 293 451 658 803 259 345 782 59 373 964 64
976 207 901 183 143 789 309 676 76 668 432 184 888 801 883 254
110 90 5 230 743 466 486 