990 499 792 487 556 316 716 983 117 591 319 291 653 68 828 824
626 638 414 52 408 834 308 132 758 481 352 65 789 922 25 404
421 941 512 639 679 442 913 148 863 423 389 253 570 302 696 119
545 239 251 184 129 618 776 354 342 866 318 617 8 431 426 217
749 946 429 540 170 803 2 74 35 814 350 126 774 845 522 645 159
633 699 589 516 933 755 110 104 449 193 750 96 509 340 462 293
286 986 728 691 415 610 494 890 29 387 150 231 221 739 378 380
343 430 535 960 327 371 550 659 594 643 285 992 26 61 724 667
364 689 619 199 912 268 403 85 108 771 527 700 341 827 358 706
506 581 729 743 439 881 67 210 968 326 473 502 935 375 453 894
609 198 660 833 172 915 230 211 891 34 392 279 149 248 832 580
