431 831 594 115 170 453 4 747 472 136 524 56 830 129 0 663 283
820 810 951 897 69 762 349 476 976 44 216 536 667 234 580 963
712 32 410 511 506 300 109 661 220 633 363 513 683 415 153 149
159 701 585 298 655 324 730 539 466 309 913 18 872 576 520 625
311 447 246 743 853 689 299 598 880 765 755 974 436 702 935 140
729 924 332 698 416 67 584 182 288 828 981 842 891 700 648 995
20 552 954 619 660 859 445 950 519 481 456 120 354 635 276 697
183 65 565 829 408 1 54 37 887 564 195 30 400 569 956 8 439 868
409 254 789 263 249 204 492 11 550 879 739 302 381 682 710 940
375 735 201 252 760 24 155 353 50 844 869 26 47 190 366 430 808
651 982 708 391 293 602 542 336 800 369 713 686 335 751 401 27
39 736 194 