218 374 98 696 411 915 116 307 455 728 589 174 414 203 902 572
212 740 73 584 854 249 960 97 901 389 809 932 840 442 764 882
540 26 950 478 432 816 566 839 51 635 185 103 681 988 283 710
597 377 416 887 23 179 640 826 777 316 552 892 219 420 722 747
462 325 815 187 658 677 85 689 496 621 676 258 993 783 542 3
952 101 623 70 452 685 917 457 241 466 868 769 243 905 738 196
961 239 553 287 984 38 522 96 545 205 967 931 894 946 947 291
942 181 242 761 629 353 68 381 565 92 168 622 667 111 974 347
535 784 510 969 446 440 521 529 874 793 115 661 759 383 221 578
323 191 650 487 95 938 443 475 149 600 263 801 403 576 7 724
89 982 2 148 460 665 246 741 876 298 941 503 156 238 145 453
997 516 447 350 