868 567 41 863 386 336 50 65 320 766 244 652 418 448 252 974
273 104 745 248 585 261 245 849 180 319 414 667 284 29 67 631
58 85 916 118 853 904 591 427 154 614 809 174 48 52 957 272 709
333 995 344 570 151 720 947 459 342 300 969 681 270 375 502 791
312 110 876 467 672 420 860 571 529 519 743 382 369 510 465 798
400 413 417 243 715 335 485 647 37 435 22 587 797 391 387 115
764 195 929 718 710 728 230 730 572 813 687 260 752 172 530 360
864 240 753 842 337 595 33 128 305 535 804 774 341 850 286 234
398 288 712 204 568 977 584 489 190 17 70 458 721 366 739 855
5 844 655 91 763 621 854 8 845 694 825 211 433 862 217 877 379
291 377 772 423 819 792 803 395 665 308 281 740 599 543 818 444
956 634 439 708 602 255 623 223 354 75 