224 837 542 617 10 735 553 207 606 600 131 644 891 386 949 543
122 709 342 547 582 588 407 345 113 4 978 659 281 494 797 520
613 219 572 211 703 216 425 19 499 815 371 523 935 980 770 824
979 620 198 721 516 828 55 845 994 529 592 921 273 869 24 182
561 92 602 530 945 455 686 942 737 573 336 312 378 136 57 261
137 196 577 381 765 706 826 892 648 307 80 111 625 739 139 658
314 705 968 624 784 669 820 512 726 507 931 35 864 757 827 186
858 634 725 145 272 234 375 805 993 333 228 246 83 882 395 646
153 263 301 866 300 755 773 645 812 541 456 911 917 867 53 674
278 238 42 26 233 255 25 357 364 271 741 373 611 672 586 622
878 436 237 78 899 696 33 167 995 0 509 406 325 944 462 