965 665 77 381 623 715 253 37 553 206 521 271 608 515 202 522
393 356 141 493 647 649 370 781 591 642 222 228 183 738 391 195
490 985 304 723 87 945 344 58 448 919 459 873 835 882 596 648
550 363 113 672 823 241 639 169 551 910 821 419 943 159 762 728
151 944 912 39 687 952 748 295 803 72 472 746 913 301 699 538
846 772 466 66 398 323 686 841 940 280 296 724 115 652 671 17
575 733 111 888 667 70 445 563 752 148 428 819 124 366 372 325
84 197 587 224 460 318 412 969 698 274 628 382 187 261 790 751
263 190 679 289 721 777 839 594 129 504 864 683 122 676 457 281
497 368 116 786 335 783 600 95 449 695 396 320 753 26 659 513
182 754 923 546 830 859 153 6 336 826 119 716 690 114 378 847
660 773 339 782 10 854 380 899 358 707 414 69 150 