264 63 746 339 185 479 621 204 841 557 778 80 12 886 408 903
668 747 247 578 727 16 735 753 98 801 325 673 101 843 41 571
234 788 51 248 431 823 240 678 489 270 38 890 832 987 855 524
857 104 953 913 436 196 420 839 642 33 896 444 779 464 295 2
145 455 714 965 799 704 285 851 391 262 426 427 159 421 955 835
379 912 805 611 792 893 840 533 276 575 594 190 167 587 561 469
120 338 644 944 824 974 530 742 282 478 922 660 348 702 899 147
907 759 748 515 69 153 301 569 316 920 50 872 936 523 148 131
827 100 722 5 423 891 516 565 326 244 908 103 960 709 963 47
509 212 19 962 767 481 241 582 288 971 684 629 298 765 692 646
310 763 224 989 334 117 811 559 28 268 773 580 380 165 737 766
364 547 102 711 