951 308 840 908 368 655 878 161 512 479 411 584 681 536 4 381
683 294 947 428 402 662 127 475 15 882 174 942 668 578 341 700
166 329 162 290 904 557 685 358 939 675 360 971 36 272 714 818
327 403 556 519 952 856 656 977 468 564 244 243 830 477 28 972
869 680 273 838 626 590 286 498 808 445 760 753 758 120 613 193
729 385 415 130 970 173 719 933 784 40 417 72 827 571 708 689
53 678 995 767 703 251 98 964 581 95 742 436 696 295 888 10 631
312 346 500 373 778 775 157 776 797 554 650 375 837 241 419 851
948 269 214 804 293 142 124 782 873 219 303 319 698 183 23 18
617 197 413 548 731 351 636 426 846 697 898 100 123 73 39 611
90 81 965 75 724 723 257 467 682 386 356 737 592 920 875 41 824
297 805 405 974 759 726 259 408 702 307 795 352 