243 479 181 487 831 863 657 684 676 747 617 441 587 352 794 662
871 136 806 685 990 631 488 853 888 150 787 815 708 560 423 411
313 705 105 796 613 611 304 189 838 965 956 784 800 584 824 537
429 756 933 283 962 386 114 541 623 442 822 369 359 397 728 27
820 378 920 338 382 219 731 61 433 125 421 460 755 994 894 390
983 683 182 811 760 463 274 73 384 588 60 885 744 491 192 118
827 596 158 238 975 786 437 419 892 432 7 808 762 959 903 45
916 235 972 627 128 533 493 680 0 242 91 490 159 711 630 301
49 732 713 886 184 316 570 774 614 470 298 709 874 58 99 372
212 431 536 288 779 741 303 289 153 357 743 248 607 780 837 714
396 961 322 227 555 269 845 606 969 505 770 554 970 819 615 294
988 718 552 523 314 559 471 