213 267 856 740 717 55 510 323 283 549 34 830 60 918 656 122
486 476 239 440 680 881 791 445 503 768 335 982 862 145 310 823
698 494 959 353 96 893 93 453 442 33 575 465 815 993 807 403
746 750 67 226 738 140 555 853 397 70 464 224 608 776 533 358
340 50 211 741 455 732 694 764 16 806 6 249 339 872 351 799 946
956 356 789 118 392 56 245 945 957 83 221 126 316 913 666 875
664 306 23 473 302 296 303 630 509 5 106 284 137 661 999 240
981 234 677 877 176 32 907 374 944 44 520 598 941 515 576 643
753 518 922 250 771 650 593 291 923 665 236 416 849 590 627 588
258 778 994 124 427 467 157 49 546 163 287 366 459 777 647 193
934 446 814 168 730 885 289 731 256 841 187 458 153 898 642 336
125 793 301 333 386 111 954 583 167 