275 211 740 226 58 534 732 657 359 313 711 723 280 385 65 739
738 412 663 253 130 369 244 162 674 380 814 259 527 750 47 477
984 319 959 936 209 751 146 145 150 203 360 387 127 426 92 9
22 99 951 851 30 735 321 264 69 994 788 518 21 153 962 18 256
997 202 581 782 863 51 579 741 159 646 409 302 121 940 54 123
282 263 473 7 507 496 601 953 193 486 758 815 871 327 68 84 677
191 462 34 967 885 925 698 954 3 57 806 523 495 390 847 50 220
323 64 633 479 715 223 792 53 930 437 217 638 947 279 383 210
892 516 338 629 918 616 661 929 316 122 492 184 116 398 670 55
248 224 105 88 341 472 161 832 434 395 835 975 797 208 602 299
786 605 513 11 216 158 955 157 849 593 298 344 981 177 935 531
852 985 541 424 526 521 941 684 520 312 131 35 644 726 525 129
641 584 277 