190 814 467 739 652 566 408 601 454 892 684 496 362 651 691 152
741 586 818 716 39 49 15 196 405 965 845 480 904 740 347 785
880 545 773 675 723 406 433 335 686 860 340 982 37 746 794 543
331 825 968 642 661 363 79 57 272 495 882 56 277 598 711 493
328 126 824 705 148 377 83 259 267 579 420 681 698 417 62 180
650 183 332 257 541 342 333 703 145 619 253 793 179 523 168 728
439 796 350 177 387 615 707 709 449 142 188 883 875 877 730 4
511 401 185 648 434 397 961 209 5 910 838 427 895 359 697 791
163 248 160 456 797 89 247 293 256 815 243 674 867 337 88 323
610 68 143 667 212 133 471 242 970 593 197 226 775 581 654 451
807 121 570 187 147 644 659 77 939 587 923 130 418 228 679 752
116 909 596 376 61 385 509 486 109 513 952 159 48 