610 171 334 287 417 576 430 717 113 373 266 927 736 3 355 658
549 771 950 627 470 167 666 77 357 912 159 4 148 52 228 127 169
190 894 577 606 182 799 62 774 306 870 966 256 222 956 76 803
337 964 839 248 958 233 465 519 518 21 64 893 166 541 682 515
820 700 752 926 865 711 728 118 262 573 108 619 889 783 507 399
849 939 557 50 124 944 802 879 60 649 495 343 896 755 687 608
490 955 109 530 273 295 694 716 57 712 446 697 46 102 695 846
101 487 512 290 6 975 600 743 216 679 844 480 872 673 914 419
93 941 232 559 73 293 749 271 864 946 460 759 205 727 280 161
151 887 731 437 625 733 404 951 71 617 776 520 238 98 968 662
366 245 548 554 283 883 929 