413 86 971 347 412 637 979 169 6 705 32 873 698 492 300 285 752
859 495 497 13 23 518 893 512 242 263 731 186 800 84 525 546
552 612 130 226 591 348 888 204 940 922 825 513 641 332 556 228
901 278 576 771 596 230 853 906 159 674 49 703 361 713 736 845
833 947 577 93 651 294 919 587 44 914 737 298 353 533 60 902
400 672 646 989 335 491 276 438 259 223 822 321 262 2 848 388
931 239 949 761 692 558 136 217 553 976 908 432 304 717 287 994
532 750 260 480 397 836 365 569 279 55 863 514 199 435 507 785
858 879 218 470 329 236 981 739 0 540 59 603 527 132 318 634
633 80 173 235 842 687 509 346 710 310 688 643 289 810 231 900
751 857 156 683 203 121 191 695 336 895 482 146 816 741 748 187
182 479 580 504 929 936 404 505 196 134 791 655 665 