855 433 926 401 896 514 343 153 537 379 858 186 981 638 360 121
479 364 40 921 383 803 672 701 427 588 500 323 734 880 817 248
718 497 321 275 961 754 240 456 548 766 911 603 944 459 917 425
553 496 991 826 631 311 470 769 23 443 668 892 32 103 617 154
783 381 373 861 349 115 612 950 938 998 18 309 757 352 723 97
49 30 216 243 720 690 386 918 312 99 815 391 183 736 416 363
677 47 227 763 819 467 882 271 286 658 707 954 525 48 909 84
182 642 513 372 529 699 439 455 800 130 854 584 201 125 849 385
36 249 796 620 965 267 696 963 396 526 296 986 150 735 608 461
802 368 527 283 196 149 19 266 76 945 366 664 52 626 979 342
247 663 431 983 408 600 503 730 508 472 969 167 336 716 485 851
98 180 853 860 574 891 593 778 113 509 388 92 745 516 273 543
82 693 166 