815 478 233 268 811 632 32 373 137 234 366 471 777 526 495 661
199 29 280 573 171 71 112 988 791 828 567 519 250 725 793 293
53 152 805 42 446 575 854 709 493 698 615 898 38 517 712 288
534 528 41 290 50 316 467 341 155 177 560 167 257 857 784 388
660 45 440 260 399 105 605 236 796 148 807 881 246 510 394 957
303 308 872 451 752 961 382 980 51 396 484 670 483 0 696 147
557 15 59 514 955 787 989 107 438 851 952 237 431 19 301 891
775 384 289 901 871 311 554 424 616 476 769 437 379 933 356 664
443 383 571 201 985 550 727 96 525 266 757 782 423 912 202 679
994 962 97 684 908 359 205 844 319 659 477 344 627 127 447 487
705 323 254 264 310 710 218 386 425 224 140 453 937 247 869 216
592 133 417 566 907 917 812 444 995 533 172 104 895 978 870 865
195 3 837 548 942 544 141 739 252 232 