379 473 176 380 714 463 975 801 302 974 250 644 297 824 886 481
663 590 546 823 460 235 129 81 540 765 794 349 445 486 191 846
562 476 694 400 750 307 293 595 225 419 59 73 140 840 322 437
249 551 198 318 557 332 247 580 585 105 685 193 734 329 689 472
861 407 289 700 178 64 154 270 771 391 902 323 903 382 999 444
707 296 312 859 544 127 397 264 212 368 464 772 336 321 251 421
402 23 326 674 910 693 72 447 669 126 403 967 245 553 918 160
662 717 254 390 259 647 565 149 531 775 394 919 226 9 817 735
151 832 534 828 879 474 777 815 70 678 796 864 930 189 49 337
664 696 475 283 484 352 457 278 505 582 751 434 219 952 774 433
656 78 737 