801 487 237 205 213 374 124 45 555 158 833 185 938 242 803 834
697 601 320 800 387 267 721 648 583 617 73 723 90 30 228 92 665
592 531 513 588 127 797 645 979 319 731 349 534 467 761 623 580
759 673 294 687 469 393 174 794 936 371 618 176 952 212 343 426
607 526 735 763 711 766 504 251 825 753 971 413 69 670 571 279
698 13 729 303 899 530 956 66 903 109 287 453 14 483 751 231
864 98 421 498 561 356 162 478 740 836 257 148 168 411 519 309
620 392 400 218 248 827 196 20 439 238 870 527 175 720 499 968
457 87 296 62 369 644 120 130 350 315 377 991 717 129 67 950
790 692 440 391 138 452 540 622 533 409 111 934 149 180 649 943
229 97 832 