442 953 783 224 390 38 302 131 533 444 32 960 786 525 575 885
156 942 147 459 735 787 121 578 915 149 972 338 183 686 618 828
250 487 703 958 311 937 823 180 795 513 974 19 54 750 657 474
73 216 475 187 345 5 774 512 522 890 304 969 619 574 738 157
567 300 779 48 549 624 469 975 230 627 288 711 798 724 903 693
486 39 162 951 762 504 170 89 47 214 880 840 61 443 827 770 931
497 91 742 243 182 236 93 293 271 165 656 745 225 246 148 539
406 416 333 106 772 556 154 332 403 955 254 464 569 142 911 446
36 876 563 521 690 134 95 235 632 528 314 45 117 158 954 362
585 560 336 916 596 434 893 688 817 42 930 870 326 732 56 69
999 653 879 961 864 571 79 925 272 125 447 499 843 648 206 832
835 136 707 435 641 993 334 179 777 145 155 335 191 114 457 854
761 901 306 234 115 83 100 108 