326 515 855 530 15 949 657 912 132 14 140 618 500 842 428 478
116 306 798 307 401 644 858 904 201 49 726 346 297 577 273 149
461 693 617 10 110 89 632 138 172 324 370 805 520 801 468 337
134 832 861 347 288 988 663 711 122 309 87 144 940 706 88 221
431 384 174 907 870 977 629 639 371 961 703 919 407 442 635 860
955 651 195 923 679 740 697 681 425 446 475 674 607 730 162 491
508 724 808 570 154 82 188 440 232 527 451 815 325 941 351 926
314 749 33 973 358 437 903 21 790 708 141 653 207 416 638 551
892 155 619 856 984 127 1 427 133 997 298 275 661 200 55 588
231 769 583 388 54 626 315 593 313 838 318 237 74 75 779 205
97 236 177 268 182 925 528 906 756 377 145 323 472 286 574 