655 440 509 489 532 333 445 833 669 983 643 806 991 855 421 452
918 805 561 68 206 607 256 383 889 307 955 577 645 461 2 558
938 635 327 382 630 963 116 318 477 994 67 29 313 526 950 293
469 860 605 766 818 535 319 647 396 162 878 846 75 492 587 279
23 762 77 803 37 521 883 197 945 171 640 597 979 707 691 374
147 418 736 516 987 271 968 195 627 666 303 57 142 236 242 603
251 381 131 992 786 19 88 756 375 243 490 582 770 485 599 25
17 356 259 795 267 879 999 294 410 193 498 310 110 111 595 311
127 90 501 213 629 740 41 505 967 73 771 189 218 626 956 188
872 594 380 227 325 196 784 957 177 598 1 125 959 439 430 39
856 172 911 247 497 300 934 522 753 87 429 972 230 742 877 948
809 64 845 538 