484 950 27 501 379 731 637 645 216 629 215 846 311 163 108 789
543 240 184 648 83 922 228 931 578 831 377 264 971 190 821 806
317 686 7 606 470 983 592 404 249 523 558 981 127 796 567 241
613 815 257 744 937 596 302 71 258 100 655 221 918 751 719 506
296 341 917 615 75 312 353 941 122 471 582 291 934 798 294 713
799 659 210 354 125 131 552 21 177 812 375 808 88 777 54 703
948 952 533 569 835 365 529 9 899 593 923 298 842 80 232 930
920 463 678 865 329 214 556 155 557 447 768 497 400 44 84 186
160 687 248 754 489 337 673 164 229 953 58 771 852 973 900 480
198 0 551 709 544 86 209 572 730 338 123 807 761 555 817 591
10 515 910 136 976 181 884 741 775 879 559 654 398 528 438 998
885 308 405 563 746 963 999 156 62 524 381 531 85 166 82 928
282 