430 811 85 805 727 437 578 71 710 323 295 246 336 292 273 277
747 986 303 480 167 389 99 342 587 572 265 707 197 764 426 704
350 721 288 329 63 439 666 52 990 201 360 485 604 472 740 235
169 368 10 509 902 589 356 980 427 371 307 447 899 790 976 263
577 950 582 62 233 456 796 375 662 804 377 642 479 856 778 95
784 202 408 313 9 508 826 820 536 297 616 712 560 50 775 363
846 152 916 296 706 369 566 620 901 441 102 165 584 891 514 995
636 460 729 65 320 436 399 97 965 563 183 962 762 609 196 928
738 537 36 581 963 401 531 551 403 847 893 641 931 11 936 524
895 848 501 141 947 374 971 542 807 435 987 888 187 238 42 114
248 226 474 876 701 533 498 229 683 606 724 700 418 51 25 611
387 100 570 470 978 687 341 957 571 782 146 279 968 772 864 58
266 144 749 47 732 919 402 45 412 602 