573 354 991 900 164 237 121 994 556 52 243 781 293 461 761 119
465 374 543 63 790 502 441 200 155 163 835 726 397 656 882 979
5 206 558 524 804 480 957 752 482 116 584 655 888 300 676 519
1 546 363 513 253 839 65 133 547 487 649 229 353 946 554 663
685 197 298 930 681 575 803 64 856 937 729 626 460 42 674 26
871 742 436 181 45 844 550 832 11 815 110 40 55 216 552 539 512
15 828 741 914 978 748 754 869 224 904 44 165 151 866 767 652
532 142 126 822 980 692 268 377 812 95 795 407 403 202 338 409
551 744 950 2 641 714 580 808 985 732 895 390 857 621 579 939
629 983 406 998 375 960 735 704 94 255 147 359 122 288 516 763
511 711 419 596 514 646 303 161 48 53 878 718 662 18 346 773
103 421 