538 590 718 384 794 494 84 954 816 251 139 389 676 801 164 258
6 183 531 483 664 585 788 803 914 971 268 136 43 677 984 886
931 742 17 746 244 747 146 798 777 171 937 800 540 631 86 557
333 752 104 573 330 498 975 61 47 92 307 176 250 727 666 227
627 702 799 822 328 281 99 8 179 855 399 786 337 78 134 431 321
756 670 212 475 294 465 147 614 669 207 74 753 443 639 253 380
924 909 687 930 158 942 59 394 908 325 39 468 142 784 343 98
313 486 202 398 510 169 232 916 155 583 729 495 439 182 719 653
218 755 599 920 459 529 981 901 374 820 945 49 68 995 615 29
661 715 395 275 983 829 272 355 561 861 154 933 27 318 890 856
874 167 929 366 517 108 285 817 607 543 478 309 638 795 581 209
324 