537 486 97 224 684 258 782 930 264 125 600 230 333 315 175 221
219 888 872 74 840 267 652 309 282 759 37 60 409 656 14 375 865
701 426 379 373 750 29 772 605 107 269 787 50 335 545 44 13 458
418 704 909 189 780 722 962 597 320 747 414 502 910 164 561 849
903 797 118 329 467 963 955 356 488 516 475 433 846 268 192 653
771 223 364 552 743 187 206 154 310 325 809 445 788 842 200 136
746 757 429 533 263 459 471 541 789 105 738 608 952 567 56 708
115 95 699 668 75 587 721 584 388 751 836 225 304 252 880 741
776 875 514 474 612 984 424 463 68 618 848 482 520 420 916 686
978 716 538 819 151 465 176 638 73 153 213 812 489 591 925 456
852 752 256 594 33 850 583 737 572 595 395 311 964 3 36 596 31
65 226 79 898 760 702 253 