958 862 354 429 561 431 385 104 635 453 139 345 575 9 668 390
692 188 551 842 360 811 137 890 564 442 694 812 928 949 567 992
367 474 886 673 715 170 601 699 956 251 196 277 978 295 205 355
258 587 950 898 334 878 719 908 788 596 592 990 157 487 991 297
361 608 302 880 790 859 706 417 677 88 409 776 268 633 147 656
899 480 183 804 38 751 65 579 502 500 772 220 682 95 968 477
870 59 774 357 350 120 985 851 984 259 541 687 989 264 404 733
373 932 164 344 112 14 768 145 175 353 32 294 401 110 517 566
372 746 176 576 168 214 291 979 897 218 75 555 448 286 79 255
303 582 602 839 77 203 470 702 562 639 428 23 221 56 146 406
413 976 298 805 636 287 193 4 122 713 368 983 389 784 161 972
57 226 655 195 263 370 96 229 472 187 930 926 276 209 329 554
808 708 889 962 382 