628 842 983 141 178 171 601 0 367 232 286 820 134 739 2 155 913
277 111 870 868 617 327 359 458 618 778 86 189 498 897 55 527
451 615 52 884 915 396 202 987 373 591 969 681 99 27 45 986 109
652 48 729 472 647 461 625 706 785 354 334 816 566 889 581 774
626 894 259 667 892 699 967 847 20 861 206 917 235 350 168 92
418 46 994 595 521 411 106 96 431 43 597 918 271 734 443 124
888 390 275 903 274 93 517 670 363 806 985 733 324 460 225 973
639 406 314 573 82 241 7 788 950 532 4 707 473 149 179 405 586
491 724 193 466 365 858 200 791 612 962 229 563 738 84 105 977
108 688 536 821 57 421 899 177 16 186 331 587 412 5 585 191 107
310 138 815 980 319 809 325 360 219 833 964 63 974 644 401 18
201 678 979 504 761 777 758 127 137 584 440 