24 186 952 162 304 727 638 578 68 426 375 384 643 161 876 42
895 885 752 358 608 854 765 576 644 217 567 260 853 409 194 780
124 894 377 172 280 901 372 728 610 988 451 478 538 439 15 477
390 767 766 972 588 502 127 825 283 150 279 44 63 306 793 949
544 604 594 944 442 301 483 174 287 889 848 954 831 936 349 250
960 421 632 534 110 471 285 743 90 719 921 617 300 681 149 994
80 200 879 405 175 177 783 424 308 311 130 259 427 342 510 714
940 434 664 931 429 455 357 621 589 398 382 11 539 684 351 778
574 676 337 803 762 350 855 526 515 146 811 540 726 745 155 23
145 242 286 508 819 933 693 243 550 70 316 188 657 210 213 647
655 