219 60 887 952 722 137 409 78 403 662 485 826 671 404 963 357
656 68 917 113 964 381 849 726 633 986 508 729 848 610 199 124
380 594 294 877 616 631 824 614 128 559 207 794 330 6 449 743
44 178 383 84 391 846 652 210 609 162 427 712 433 498 876 64
497 992 593 699 535 646 179 669 724 791 275 87 299 510 486 626
9 779 360 865 88 937 855 338 66 999 456 823 869 359 678 56 901
625 812 717 494 168 580 541 305 197 157 190 426 710 556 912 745
432 763 270 226 700 36 538 925 509 578 415 872 464 82 816 161
978 13 240 413 301 255 38 759 453 221 667 195 542 106 739 341
881 540 399 28 641 202 536 133 719 83 653 975 879 562 687 21
701 613 58 811 262 983 997 120 