765 653 32 490 175 348 455 807 336 635 10 463 924 652 292 587
371 496 344 251 520 592 656 12 223 122 980 78 173 547 75 649
166 21 197 761 843 975 188 847 816 753 23 378 189 222 284 563
475 628 781 143 885 624 482 493 901 260 846 414 968 239 326 403
382 813 262 664 67 976 521 186 218 540 438 410 935 425 345 939
80 927 161 593 545 876 926 622 945 2 681 870 886 364 845 541
971 289 904 686 160 212 928 839 430 14 418 725 916 552 34 883
932 368 923 706 272 26 826 942 100 384 428 226 989 864 392 383
534 943 437 571 323 3 854 721 733 72 416 580 65 406 730 282 551
834 369 87 584 82 574 784 470 769 735 740 572 319 579 819 296
451 830 977 104 918 700 169 868 285 413 692 795 513 959 844 504
611 711 581 874 347 680 54 891 643 473 549 31 271 117 221 615
407 281 177 678 767 