500 773 694 195 373 831 624 631 565 607 288 759 348 629 58 577
974 525 714 875 136 702 140 28 851 626 184 22 306 220 820 655
746 827 287 448 71 153 4 86 797 999 699 242 654 628 20 24 581
506 832 889 641 9 521 566 396 96 704 183 45 568 126 404 339 672
92 381 753 362 665 985 710 926 360 887 716 0 354 923 685 609
251 19 42 472 394 12 623 95 352 853 137 869 468 813 351 398 211
253 97 751 651 614 221 34 313 302 229 138 424 840 802 499 109
741 31 892 399 74 591 423 225 392 605 328 684 930 575 757 62
144 947 492 261 883 305 73 80 676 859 596 39 432 255 717 896
279 977 658 262 197 544 836 139 587 647 806 487 601 980 691 613
617 526 905 208 562 257 233 366 489 33 416 358 644 978 839 57
56 622 761 881 938 