775 326 384 363 4 117 878 747 319 411 305 458 168 468 988 434
385 425 133 698 267 531 915 621 128 93 803 793 947 189 209 876
684 720 702 640 598 559 913 504 716 453 865 948 816 630 292 612
444 290 368 37 266 585 395 872 626 151 580 153 96 420 579 860
615 485 916 221 314 274 220 978 643 46 400 223 767 104 144 943
625 27 864 739 881 500 252 963 243 826 680 792 921 352 974 753
840 712 9 755 519 843 256 715 566 634 991 427 313 949 565 72
725 528 601 647 35 783 503 687 691 432 553 219 542 806 914 744
567 887 771 237 69 764 6 135 460 185 254 844 367 456 77 898 540
824 589 282 281 614 76 245 464 457 575 842 841 74 30 623 182
509 8 2 140 120 408 489 521 976 581 703 22 172 114 121 474 697
1 53 403 931 50 768 412 718 421 561 236 