921 944 606 856 942 534 213 318 116 313 831 91 460 830 405 992
306 109 987 319 327 433 751 549 379 898 927 529 775 139 56 539
316 386 104 148 451 24 222 509 850 574 461 59 729 671 93 173
270 108 238 79 651 468 961 699 465 353 296 42 53 179 64 832 558
197 872 85 488 499 895 996 766 210 115 84 289 453 438 538 703
283 101 73 814 956 333 478 344 317 492 315 553 909 259 724 678
341 689 799 673 382 355 225 297 746 536 450 29 969 629 881 550
94 123 945 338 467 214 613 308 835 639 937 928 12 813 646 815
249 132 425 195 43 11 178 321 761 562 682 738 861 829 484 644
292 325 421 65 480 743 159 413 740 455 767 388 180 701 769 572
311 664 340 441 845 192 336 54 387 854 402 930 777 50 577 162
891 991 518 358 380 284 843 803 25 168 826 372 474 272 532 207
672 758 771 702 412 