581 526 24 80 48 20 672 238 192 866 551 32 258 655 229 803 475
939 359 113 3 868 990 165 445 792 693 586 136 739 263 962 780
417 488 501 986 815 349 222 612 286 997 541 756 956 368 647 550
714 687 782 312 979 514 476 959 921 822 876 388 86 857 847 104
474 279 260 9 575 140 755 709 620 515 626 382 446 562 708 182
108 135 195 134 924 918 721 992 836 684 843 440 326 730 432 760
604 130 290 499 802 583 155 878 907 300 391 462 712 608 731 609
621 227 371 826 76 600 509 659 157 719 594 123 929 650 126 560
132 88 666 915 592 702 930 170 671 636 330 144 180 297 591 964
168 85 491 954 84 508 64 460 619 950 438 770 808 699 329 318
764 364 969 171 746 112 489 246 296 205 816 829 749 528 948 664
785 991 