93 464 475 6 815 558 263 139 828 520 543 230 126 275 960 726
81 982 989 75 823 100 877 364 926 572 821 27 105 12 20 908 201
92 570 266 871 891 283 932 181 943 655 332 454 31 462 618 40
715 799 373 783 164 875 788 469 736 790 371 654 944 73 351 723
935 204 182 952 240 882 782 346 410 414 685 96 413 631 362 881
135 437 259 613 496 290 651 392 335 344 885 596 569 918 166 678
459 352 505 167 804 851 987 48 322 968 150 615 243 999 368 52
174 609 861 234 376 511 629 966 486 236 776 252 915 921 659 922
925 857 760 865 853 947 664 737 477 306 544 169 907 649 64 862
969 588 759 456 494 747 573 608 975 767 739 560 60 692 239 825
34 743 722 229 765 427 23 634 7 309 83 118 777 132 451 337 133
66 809 403 128 433 188 897 