522 613 499 63 358 345 316 621 754 962 967 381 24 830 467 778
296 835 700 776 402 934 978 635 726 755 407 786 897 290 654 951
671 920 732 807 590 84 690 386 114 484 632 404 852 526 414 388
52 552 944 288 143 7 926 878 334 803 94 640 952 230 317 826 219
704 553 234 998 202 445 909 153 593 393 531 958 108 784 857 543
65 846 668 710 872 109 86 902 476 187 841 253 549 375 120 380
480 828 513 642 112 961 374 542 368 599 501 904 408 643 378 887
435 309 636 489 628 2 208 660 619 813 452 73 559 653 900 495
280 604 932 161 974 342 338 730 4 417 225 406 663 838 276 258
639 62 608 431 60 181 714 376 925 921 564 993 752 429 922 853
13 97 403 40 892 214 657 284 931 854 363 547 649 167 277 222
98 605 627 851 67 