642 913 180 52 765 77 177 429 929 88 498 674 839 285 295 515
603 998 115 476 905 359 473 755 492 333 67 8 620 400 380 610
874 948 121 91 698 800 361 80 510 939 980 858 781 726 546 634
239 469 373 769 489 139 882 870 120 369 959 829 344 616 101 973
504 738 611 508 449 536 875 484 288 753 178 190 815 447 530 685
886 969 772 981 789 291 584 593 670 824 385 131 608 203 792 844
377 799 971 988 904 243 234 935 159 66 729 62 743 173 15 182
7 263 23 308 142 235 806 866 341 848 730 76 436 842 615 408 761
419 277 233 990 110 735 223 556 768 902 519 795 433 758 491 545
856 497 553 468 978 102 48 745 29 411 676 116 550 401 431 174
130 92 379 307 247 760 512 612 834 390 537 477 756 166 915 128
732 125 534 480 134 773 604 641 83 832 