998 187 640 823 201 792 584 856 366 483 516 684 814 86 953 798
715 756 375 140 153 485 85 941 253 532 35 338 822 762 778 826
374 663 18 567 622 56 214 448 737 631 309 111 844 544 781 833
741 641 806 962 169 62 868 273 125 665 291 797 537 950 985 653
175 711 646 428 108 294 405 743 458 389 869 891 132 722 745 103
557 706 43 299 73 691 966 198 783 358 858 928 388 580 506 489
437 1 592 852 434 724 796 607 591 687 173 321 192 225 876 904
300 599 170 827 6 649 415 436 130 727 652 740 717 228 988 986
681 810 270 883 200 39 400 344 910 340 249 815 467 804 410 908
794 553 550 789 339 498 430 633 788 851 696 239 70 906 31 384
