609 988 239 804 892 197 626 292 176 766 156 22 890 372 413 826
873 983 929 885 195 231 865 986 824 114 770 957 473 938 835 745
513 109 894 541 404 498 408 992 566 124 578 696 452 634 410 970
65 95 223 959 370 574 940 215 246 925 953 459 908 282 580 546
48 725 823 519 426 577 74 273 293 442 235 758 158 448 659 145
207 136 805 589 540 605 467 852 465 897 357 79 274 46 750 133
32 937 743 866 579 876 765 728 915 376 771 266 753 755 57 68
134 329 367 424 734 451 280 42 203 698 964 764 559 693 126 240
115 313 685 611 555 401 625 49 294 933 406 783 206 412 941 996
746 186 297 419 99 2 45 18 843 690 644 85 182 831 927 623 525
872 520 347 503 848 813 474 512 593 668 337 882 51 985 781 538
427 787 913 236 548 221 344 12 980 463 261 380 881 