2 607 761 659 580 860 285 528 188 787 484 514 538 382 891 131
534 455 825 385 888 303 608 476 399 898 189 535 972 453 933 378
679 829 67 458 739 886 893 995 113 647 309 402 450 161 768 106
98 637 144 209 694 77 901 380 339 843 30 974 249 256 347 560
404 69 164 8 527 487 600 126 984 225 551 357 897 242 969 619
155 474 430 640 605 554 429 268 245 615 626 79 251 872 386 65
665 18 986 425 783 71 464 84 326 621 447 988 375 489 798 90 999
279 125 677 655 511 372 569 246 27 815 822 672 214 880 907 623
431 15 327 516 935 782 10 826 174 827 900 699 828 894 159 229
482 508 636 867 437 59 473 23 726 526 272 304 496 421 841 410
685 845 383 997 170 417 877 346 454 141 199 749 